9.538800773019218138e-02 8.957293729458748466e-02
8.254561777105995368e-02 7.370258435926801965e-02
6.664036599658162974e-02 6.710360719458130507e-02
8.380319122408341759e-02 7.530625187158046518e-02
7.281810374777863970e-02 7.308653639488371656e-02
6.930864153314764131e-02 6.944691968645166913e-02
1.067890761946226341e-01 9.134612983280243625e-02
7.922340606790312378e-02 7.395988207266923631e-02
7.503929972827161343e-02 6.959904387065407594e-02
7.281778592489240864e-02 7.126818673970525264e-02
9.986901922459845427e-02 8.828091612577482206e-02
9.125336996311306237e-02 8.607013636492699682e-02
9.342579125367200810e-02 8.234645398117224069e-02
8.522811433119614755e-02 7.777109216464195285e-02
1.046513078375800321e-01 9.078035819275076523e-02
7.161684158539805001e-02 6.900964207975457398e-02
9.856582603000940690e-02 8.755978933115360352e-02
8.207422839600486686e-02 7.379652740282394152e-02
6.406054105096814499e-02 6.455784828362598482e-02
7.180442373659057242e-02 7.112869161260604312e-02
6.874304369418382521e-02 6.799790184816911776e-02
8.477137516488930657e-02 8.114544475776208632e-02
6.978409325369627769e-02 6.744776359085713491e-02
6.767856499884838950e-02 6.710608886059332701e-02
7.431484064104088016e-02 6.988306176980207951e-02
7.921420327993711208e-02 7.421119894915617632e-02
7.833764417401922753e-02 7.364528629951294647e-02
7.066445026070733437e-02 6.728433428426672247e-02
1.006786991155093069e-01 8.802954053090039643e-02
9.805317597270002405e-02 8.588475250110350068e-02
7.500194972468676724e-02 7.047006303945380079e-02
6.318618566394473834e-02 6.574239865226905177e-02
5.671692695613006485e-02 5.742588031530737602e-02
9.296476867950353995e-02 8.114570471944859698e-02
7.481606394650730518e-02 7.190122450518632302e-02
8.826782654188747301e-02 7.786533357619218609e-02
6.129879061150267372e-02 6.008988638045587027e-02
8.254197266914109488e-02 7.578543028798279124e-02
7.152163097965813510e-02 6.963010350938836357e-02
7.686178468058291191e-02 7.113803706379695502e-02
6.489978468913648602e-02 6.002627876386734673e-02
1.004517753242171185e-01 9.180749821914657716e-02
6.640770410902541165e-02 6.276171646945194471e-02
6.714904402658206095e-02 6.659774508106175439e-02
7.073160932284150437e-02 6.946881887658440391e-02
6.970319372385180845e-02 6.510304113028486661e-02
1.037537247858950629e-01 9.055282308845147288e-02
1.020665070737634128e-01 8.630129270237596462e-02
9.028339375579164106e-02 7.902703548647826981e-02
9.402225498359395583e-02 8.541456868328123342e-02
1.014178016295104179e-01 8.890190784795493073e-02
7.710267243727997322e-02 7.089932802739573603e-02
6.847489371711157347e-02 6.879543208232830054e-02
6.956854869104989181e-02 6.735344500635453979e-02
7.003769721231067891e-02 6.714915869509741064e-02
6.873831095303351013e-02 6.714888664192109058e-02
6.766392359837036796e-02 6.561132062844066137e-02
7.265686166698503978e-02 7.116408973611043631e-02
8.955576284550403887e-02 7.813529776794836401e-02
6.567366580943634347e-02 6.450665073781047809e-02
7.672175792932578453e-02 7.365746913979742683e-02
9.462259001019845961e-02 8.480184230225029651e-02
6.716893126312162288e-02 6.597946152981093437e-02
8.286973941210784567e-02 7.494458530112413364e-02
6.124888802304107038e-02 5.918853350573738403e-02
6.409017745197287397e-02 6.016385783134958753e-02
7.661591174085202738e-02 7.377712915932133075e-02
1.017824144413881360e-01 9.057435990764528544e-02
7.396339442981447743e-02 7.153597546728307499e-02
6.202008824592608605e-02 6.342498793615802821e-02
7.405609602533114177e-02 6.913225752881868580e-02
6.583770798699417615e-02 6.570380525215957501e-02
8.041477198085111855e-02 7.409740388576213643e-02
7.515038667031725961e-02 6.947859690226709795e-02
7.099851755478858717e-02 6.753579747146065682e-02
8.763245843635336652e-02 7.874589691544009451e-02
6.311769747113982199e-02 6.702237855489845408e-02
9.336364338148250841e-02 8.082828026391331022e-02
7.185885827840254869e-02 6.826638071528479124e-02
6.420143931653743419e-02 6.195541864606457505e-02
7.812185432665230689e-02 7.236947586541464528e-02
6.781800620177180772e-02 6.193402087770860653e-02
6.917477644865310804e-02 6.760226030877758419e-02
7.863852899067147462e-02 7.395788786337165188e-02
6.460714005642564928e-02 6.431498249485856356e-02
7.001303156383698045e-02 6.803470531541211397e-02
6.131839978127939794e-02 6.162186728881424713e-02
9.551905475228872344e-02 8.456947468486353259e-02
8.715505649122945453e-02 7.442029940293815038e-02
8.613880212269486858e-02 7.732785189524193914e-02
8.038771110472608949e-02 7.588800287865271610e-02
7.030356605516396851e-02 6.652718971501203615e-02
8.999250529994606840e-02 8.051332683912748589e-02
6.914007183949955060e-02 6.427383208196946196e-02
6.945486648855714318e-02 6.776385467296075493e-02
8.095935056060521440e-02 7.277895677354806470e-02
8.148609307520660039e-02 7.206735841011413513e-02
8.377974259496678844e-02 7.661447992537562257e-02
7.609813249244512523e-02 7.091378596458119965e-02
7.609034491262078870e-02 7.336219151857537035e-02
