1.24962 1.82898 1.52638 0.00239281 200
0.924421 1.72423 0.600372 0.00416519 200
2.25192 2.37755 1.85452 0.00389869 200
1.44595 2.77286 2.97844 0.00384912 200
2.17465 1.09769 0.965082 0.000161371 200
2.66598 0.104805 0.84649 0.00145645 200
0.721745 2.69789 2.43569 0.00400069 201
2.99407 2.01613 2.68156 0.000564036 201
1.64033 1.97803 1.80088 0.00204996 201
2.76055 1.4828 0.0956349 0.00058083 201
0.943065 1.47592 0.21227 0.00168387 201
2.58741 0.186255 1.95442 0.0011039 201
1.13286 0.132003 2.55086 0.00321067 201
0.671807 0.588354 1.75691 0.00260027 201
1.68176 1.06852 2.38561 0.00326327 202
1.08669 2.39421 2.67618 0.00328623 202
2.24006 1.52443 0.67705 0.00339701 202
2.55029 1.65176 2.62071 0.00103504 202
2.12087 1.58047 2.89079 0.00484809 202
1.49863 0.330022 0.644989 0.00439891 202
0.435291 1.61424 0.881468 0.00380087 203
2.28411 0.113469 0.477195 0.00403332 203
1.48044 2.77634 0.257999 0.00421947 203
2.25834 2.94474 2.3469 0.000254874 203
1.07437 0.935202 0.470845 0.00362626 203
1.10284 1.49321 0.0149693 0.00372989 203
2.18108 1.4351 1.3448 0.00176959 203
0.470742 1.13662 0.332651 0.00288964 204
0.873853 0.413195 2.25749 0.00253631 204
1.59214 1.61227 0.853523 0.00473126 204
1.37448 1.80996 0.080382 0.00265574 204
1.32547 2.25894 2.17137 0.00395006 204
1.43963 0.868089 0.833173 0.00302919 204
2.73992 2.93835 0.46214 0.00354561 204
2.56022 2.48105 2.27672 0.00076509 205
1.01863 1.30427 0.101073 0.000517446 205
0.926188 2.72765 0.14119 0.000530496 205
1.12411 1.69244 1.71141 0.000999322 205
1.80403 0.665162 2.52171 0.00180161 205
2.64099 0.37923 2.61942 0.00142849 205
2.84353 2.42475 2.86706 0.00177034 206
2.45223 1.29777 2.42919 0.0043751 206
2.22661 2.2656 0.929337 0.00360668 206
1.72767 2.6789 1.72434 0.00233829 206
0.176371 0.364173 2.93129 0.00451027 206
0.734643 1.97495 1.32858 0.00240673 206
1.92648 1.38428 0.258501 0.00101498 206
0.545208 1.02464 1.42827 0.00294067 206
0.412668 1.93838 1.90486 0.00361119 207
0.681703 2.9958 1.06562 0.00433884 207
0.648784 1.51615 2.5699 0.00190086 207
1.72911 1.71544 1.52752 0.00451446 207
0.238773 0.508664 1.67311 0.00264987 207
2.95716 0.766726 1.99224 0.0031958 207
2.04713 0.0867902 2.8751 7.16786e-06 208
1.25611 2.51067 1.33597 0.00138508 208
0.466343 2.08622 2.11764 0.00081325 208
2.72629 0.158723 0.0549397 0.0031127 208
2.33499 2.52932 1.10065 0.00096103 208
0.23455 1.49039 1.62889 0.00186107 208
0.613429 2.66099 2.55351 0.00078645 208
2.65244 2.31953 2.87385 0.00426295 209
0.25382 1.81747 1.19303 0.00380944 209
2.93702 2.04645 2.05101 0.00361451 209
0.109116 2.46851 2.62266 0.0014422 209
2.32734 1.58512 2.33008 0.00182627 209
0.42766 1.01352 0.552566 0.00384235 209
1.4173 2.01524 0.31218 0.00454637 209
0.723597 1.03843 2.98672 0.0010914 210
0.00653873 0.941498 1.42352 0.0020085 210
1.99006 1.97231 1.89663 0.00117377 210
2.87585 0.622972 0.540298 0.00396134 210
2.2456 2.39672 0.246934 0.00066248 210
1.31196 1.23162 1.4835 0.00447584 210
2.85145 1.92532 2.06461 0.00172011 211
1.64599 1.04377 1.65397 0.00433387 211
0.796373 0.354371 2.11997 0.00398931 211
0.600474 0.770729 1.16602 0.0015184 211
1.17162 2.29719 1.65084 0.00224243 211
0.319452 0.241377 2.10933 0.00168109 211
2.05244 2.81968 1.83918 0.00464591 211
0.972166 2.22936 1.05391 0.00362434 212
1.76823 0.783608 2.98048 0.003745 212
0.358964 1.47292 0.252263 0.000478252 212
1.43498 2.99824 0.618656 0.00176347 212
0.305574 0.620457 2.69893 0.0036652 212
1.6496 2.29083 0.09915 0.000200434 212
1.05829 1.80191 2.66881 0.00481143 212
0.949889 1.13931 2.37083 0.000688004 213
0.402705 1.48061 2.55667 0.00422886 213
1.21828 1.25125 2.16652 0.00250818 213
2.15279 1.50281 0.232653 0.00262978 213
1.93354 0.500273 1.04981 0.00136805 213
2.79935 1.10871 1.38939 0.00102972 213
1.46378 2.7614 0.0589624 0.00151407 213
1.62603 1.19313 2.80075 0.00476968 214
2.15009 1.82798 1.38214 0.000273353 214
0.294516 1.81312 0.705648 0.00240978 214
0.31726 2.2689 0.642568 0.00336731 214
2.56382 2.02772 1.57443 0.00406731 214
0.156028 2.21788 1.4767 0.00136578 214
1.48308 1.79408 0.986729 0.00397369 214
0.990348 1.84044 1.08174 0.00167567 215
0.859388 2.34214 1.82283 0.00119169 215
0.117787 0.43097 0.747188 0.00154742 215
2.88139 2.89213 2.53711 0.0038915 215
0.242015 1.59911 2.44033 0.00240027 215
2.68816 1.72872 2.31053 0.00491529 215
1.67681 1.52024 1.14341 0.00217605 216
2.36203 2.26415 2.36026 0.00424194 216
1.27968 2.1166 2.45817 0.00107854 216
2.39793 0.0501441 2.1134 0.000620669 216
1.39327 1.19973 1.01823 0.00330204 216
1.69658 0.445822 2.9856 0.00290123 216
2.03475 1.55353 1.51747 0.00342416 217
0.456831 0.306787 1.14849 0.00458144 217
2.56343 2.8024 0.254169 0.00249461 217
2.29752 2.62485 0.688129 0.00428275 217
0.685277 1.33973 0.602131 0.00180425 217
2.36771 0.401415 1.30833 0.000500354 217
0.560292 0.310849 2.85273 0.000144827 217
2.47989 0.722454 0.571931 0.000542703 217
0.228611 1.64976 0.537244 0.00318438 218
0.962777 0.898887 2.31499 0.00347517 218
1.07791 1.68187 0.675783 0.000419465 218
1.88516 0.14931 2.37852 0.00327127 218
1.68097 1.70067 2.58904 0.00269326 218
1.40856 2.52601 2.26613 0.00256833 218
2.2319 1.00975 1.60412 0.00409507 219
0.341717 1.54886 1.65819 0.000249136 219
0.779695 1.44936 0.712683 0.00247695 219
0.290679 0.474825 0.806587 0.00310042 219
2.52645 2.94036 0.596978 0.00495415 219
1.46552 2.74785 1.74306 0.00363347 219
0.996748 1.77167 2.72414 0.000935557 219
2.96733 2.92202 2.2919 0.00455374 220
0.495413 1.73501 0.052284 0.0046163 220
2.64279 0.522301 2.9545 0.000445567 220
0.415277 2.30097 2.13298 0.00345411 220
0.121691 1.9075 1.41839 0.00490346 220
1.88121 2.44939 2.26029 0.00396533 220
0.467819 2.95477 0.40741 0.00263632 220
2.59892 0.507945 0.367678 0.00494229 221
0.725545 0.276347 0.457754 0.00206325 221
2.97722 0.649568 1.30741 0.00019324 221
0.596495 2.30815 2.85085 0.00490973 221
1.11084 2.66754 1.24177 0.00437218 221
1.27369 2.66177 2.46648 0.000642378 221
2.51337 2.08699 2.78315 0.00287181 221
1.40831 2.59742 0.53512 0.00266242 222
2.53219 0.417623 1.44629 0.00139422 222
1.81308 1.0705 2.82069 0.0028914 222
0.57326 2.08249 2.91909 0.000969657 222
0.076005 1.6009 1.10422 0.0032001 222
1.806 2.07466 2.95545 0.000705324 222
2.16815 0.598534 0.816622 0.00418445 223
0.917541 0.991348 0.968458 0.00334766 223
1.25379 1.58285 1.69423 0.00198553 223
2.59587 1.08489 2.85925 0.00238608 223
0.939717 0.219052 1.01105 0.00399265 223
2.67408 2.07074 1.54651 0.0015001 223
1.92362 2.45962 2.03442 0.000910204 223
1.54537 2.28297 1.87298 0.00172811 223
2.58824 0.272694 2.55487 0.00341702 224
2.1727 1.84186 0.287662 0.00381669 224
2.15948 0.981768 2.02891 0.000798516 224
0.826921 2.47322 0.086079 0.00197473 224
1.79793 0.603291 2.31196 0.00470956 224
2.54612 0.205191 0.012891 0.00063323 224
2.74137 1.94158 0.357134 0.00205252 225
1.81803 2.68299 1.2594 0.00315511 225
2.84852 1.70467 1.13406 0.00247761 225
2.10982 0.275127 1.64405 0.00295779 225
2.0158 1.31172 0.755476 0.00414699 225
1.57478 2.32401 0.893052 0.00445972 225
2.29254 2.71239 2.26741 0.00281162 226
0.209114 2.22086 1.49089 0.00333315 226
0.349924 1.71785 2.56895 0.00344543 226
0.0780868 1.72792 0.582706 0.00438787 226
1.79497 2.67677 1.21937 0.00158491 226
1.91513 1.96668 1.40784 0.00343785 226
0.43001 2.36869 0.137112 0.00336349 226
1.11288 1.5573 2.76903 0.0036689 227
1.06733 0.469439 2.69343 0.00466054 227
2.08701 0.82391 2.8114 0.00111504 227
2.62993 0.409677 0.992167 0.00479743 227
0.330064 0.950847 0.865007 0.00236583 227
1.04603 2.42945 1.97541 0.00385467 227
0.174632 2.82841 1.16865 0.00243565 227
1.41321 2.91108 2.80041 0.00236237 228
1.43023 0.775601 1.31596 0.00293261 228
2.33157 2.63002 2.08203 0.00183991 228
2.35725 0.457944 2.32175 0.0021929 228
2.31249 0.155739 1.9639 0.00435032 228
0.515558 1.30785 2.116 0.000702524 228
2.54804 0.172109 0.526568 0.00214867 228
1.90362 2.18193 2.29303 0.0024675 229
0.00951966 2.45773 2.60355 0.00231929 229
1.58088 2.71603 2.77611 0.000514195 229
1.629 1.45699 1.87404 0.000869865 229
0.761191 2.35896 1.27279 0.000186864 229
2.41088 1.02708 0.635991 0.00241173 229
1.69237 1.77125 2.44817 0.00375566 229
1.30721 1.62793 0.758245 0.00129951 230
0.647991 2.48554 2.82287 0.00282963 230
1.52351 0.471014 1.17401 0.00458941 230
2.67821 1.9519 0.878414 0.00127516 230
2.36873 2.03557 0.646596 0.00307616 230
2.98175 2.6059 0.920491 0.00353388 230
2.80763 1.37606 1.2338 0.00443353 230
1.06248 2.1774 0.639681 0.00317768 231
0.965735 1.67023 1.80177 0.00446437 231
2.09742 2.94247 2.76355 0.00293757 231
1.19453 0.0768885 0.574376 0.00319893 231
1.99628 1.34196 2.47384 0.0016358 231
2.69097 1.62261 0.599261 0.000451412 231
0.36247 0.927685 1.41604 0.00353693 231
0.292027 2.77667 1.04185 0.00361799 232
1.3883 0.315982 0.732184 0.000631395 232
2.86299 0.323957 1.57502 0.00258536 232
0.101295 1.40539 2.97299 0.000736636 232
0.665202 1.36169 2.60733 0.000965724 232
1.41545 1.15343 2.50101 3.65908e-05 232
0.208007 0.679084 0.673451 0.0041957 233
0.920935 0.512875 1.05866 0.00226411 233
2.61723 1.4804 2.42513 0.00387954 233
0.220373 2.95051 1.81689 0.000417009 233
0.617214 1.36281 1.074 0.00488744 233
1.91659 0.490333 0.793321 0.00284201 233
2.63789 0.847295 2.44133 0.000367995 233
1.49316 1.0782 1.11189 0.00226057 234
1.84274 0.636797 0.144679 0.00423486 234
1.29067 0.296732 0.07807 0.00283439 234
0.864647 1.44356 1.09846 0.00417396 234
0.799317 1.53898 0.379254 0.00367291 234
2.00291 0.223845 0.18571 0.00244399 234
2.64367 2.58582 2.8636 0.000464083 235
1.67078 2.05693 0.521278 0.00143665 235
1.56814 2.65389 0.686234 0.00044168 235
2.07315 1.11543 0.449323 0.00341845 235
0.449464 2.33109 0.268972 0.00163112 235
0.689164 0.798364 2.06608 0.00156352 235
0.82509 0.804954 0.619975 0.000482259 235
0.133673 2.25441 2.06795 0.00475391 236
2.71319 0.40387 1.39592 0.00394992 236
1.4846 2.17522 1.64751 0.00390155 236
0.0656676 0.0711845 0.392818 0.00349317 236
1.23731 0.341903 2.78509 0.00056019 236
0.880786 0.200645 1.41206 0.00323666 236
0.182161 1.85272 2.89021 0.00270406 236
0.0344006 2.609 1.70964 0.00213062 237
1.83005 2.68509 2.49424 0.00113764 237
2.51061 1.25332 0.156319 0.0040101 237
0.44621 0.819916 2.39152 0.000520919 237
0.0680165 2.72917 2.35262 0.0033472 237
1.47783 0.514451 0.565069 0.00187173 237
1.1876 1.03539 0.173197 0.00439263 237
0.866195 0.939435 1.76823 0.000972176 238
0.486391 2.555 1.89403 0.00269773 238
0.141362 2.82616 0.823821 0.000246437 238
0.0372362 1.72121 1.34579 0.00105614 238
2.39605 2.13022 0.125565 0.00456704 238
1.28145 1.73272 0.851136 0.00461938 238
0.96037 0.229667 1.50186 6.45432e-05 239
1.63731 2.75798 1.5441 0.000993186 239
0.704313 0.69012 2.51133 0.00201725 239
2.87993 2.3438 1.82837 0.000629697 239
0.850635 2.28558 1.49944 0.00458282 239
2.00487 1.19164 2.14005 0.00439509 239
2.13875 1.68927 2.0027 0.00307817 239
2.89147 0.496541 2.67151 0.00466875 240
0.507043 1.20089 0.80129 0.000727001 240
1.65152 2.66311 0.693453 0.00164847 240
1.05039 0.16497 1.93275 0.00147208 240
1.04839 1.98158 2.28916 0.00425843 240
1.08268 2.12174 2.04239 0.00229435 240
0.0196341 1.70346 2.62522 0.000240192 240
1.41799 0.75725 2.05523 0.00375206 241
1.23806 1.15523 0.72224 0.0012638 241
1.9469 0.946832 1.77908 0.00303762 241
0.758161 0.760499 0.20065 0.00229984 241
0.216858 2.24695 0.174294 0.000919774 241
2.84075 2.6454 1.3245 0.000326063 241
0.538432 2.46686 0.795398 0.00246739 241
2.125 1.22149 0.892127 0.000914437 242
2.14933 2.0101 1.03768 0.00261071 242
0.735797 2.39735 2.90656 0.00371146 242
2.72086 2.60754 1.95067 0.00459786 242
0.62084 0.0482403 1.46111 0.00181378 242
0.822869 2.9488 2.08362 0.00146222 242
0.152819 1.33826 0.622225 0.000120777 242
0.814084 1.58973 2.17705 0.00117063 243
0.639213 1.00295 2.34004 0.00240361 243
0.191378 0.610382 1.95869 0.00295524 243
2.37119 0.101426 0.857846 0.000954259 243
2.47178 1.10383 0.989377 2.65583e-05 243
2.30985 2.48008 2.28023 0.00462625 243
1.41062 1.81582 2.4034 0.000889273 243
1.75745 2.89854 0.995099 0.000380988 244
1.23505 2.89524 1.40179 0.00248497 244
1.04261 2.11471 2.96127 0.00174146 244
0.0816132 1.06445 1.37789 0.00440069 244
0.579151 1.29453 0.347467 0.00496874 244
2.90587 2.31312 1.84955 0.00307138 244
1.14597 1.41125 1.23633 0.00109704 245
2.01417 0.420437 0.345228 0.000555598 245
0.580878 1.73891 1.12423 0.000206965 245
0.0347079 2.67583 0.499377 0.00257494 245
1.37831 2.99174 1.69117 0.00474078 245
2.97053 1.64122 2.25226 0.000723567 245
1.16364 2.21286 1.4202 0.00304115 245
2.42046 0.967365 2.75435 0.00448154 246
0.739474 0.608224 1.9978 0.00496414 246
1.05356 2.55363 0.952661 0.0016228 246
1.89008 0.159016 2.03277 0.000391629 246
2.60646 1.6954 0.641888 0.00373525 246
2.16404 1.2735 1.38098 0.00281802 246
1.07889 0.221645 2.19603 0.00309568 247
1.03318 0.065696 2.37693 0.00059988 247
0.307176 2.73588 1.86094 0.00417038 247
2.44047 2.93549 1.16416 0.00312807 247
1.3987 1.01554 1.46294 0.00040563 247
0.896289 2.70792 0.235074 0.00333879 247
1.60508 0.348913 0.607711 0.00367151 247
0.286294 0.346849 1.47552 0.000510172 248
2.21853 1.9947 1.88984 0.00478597 248
2.49161 0.984051 1.75921 0.00195867 248
2.4003 1.73005 2.51732 0.00434144 248
0.970941 2.39391 1.59816 0.00155611 248
0.755324 1.37796 0.241833 0.00222499 248
1.18036 2.77067 0.703786 0.00359367 248
2.23502 2.17454 1.78294 0.00107132 249
1.70631 2.17924 2.89573 0.00441009 249
2.75312 2.06375 0.981459 0.00430253 249
0.694963 1.85166 1.68034 0.000995838 249
1.83679 1.6833 2.2092 0.000234301 249
1.89284 0.498419 1.56961 0.00219681 249
1.56225 0.0565902 1.04616 0.000154507 250
1.03751 0.0445705 0.922116 0.00138007 250
0.374246 0.273963 0.335003 0.000388013 250
2.49771 1.40942 0.666203 0.00129512 250
1.03128 2.74834 1.12802 0.00363713 250
0.181082 2.7411 0.661113 0.00454974 250
2.13942 1.8387 1.23485 0.00467372 250
1.86522 2.79482 0.322593 0.0035493 250
0.178553 1.15411 0.0475877 0.00434513 251
1.4237 0.573729 0.388866 0.000535092 251
0.847993 1.04995 2.77129 0.00400583 251
1.01838 0.880127 0.852005 0.00409383 251
1.66499 1.21622 1.21999 0.00487351 251
2.34112 1.4889 1.03597 0.00312462 251
0.187866 2.34622 2.57569 0.000493714 251
0.516649 0.241718 2.13695 0.000538574 252
2.93264 1.89064 2.99103 0.00465249 252
1.69359 1.09624 0.112525 0.00284756 252
2.03197 0.607313 2.69643 0.000486975 252
1.15462 2.71735 1.7559 0.00442259 252
2.20954 2.79991 1.54926 0.00471315 252
2.83846 1.55691 2.54402 0.00197961 253
1.77705 1.75571 2.27836 0.00489079 253
0.227743 0.814132 1.84221 0.00475624 253
0.381351 0.181492 2.68602 0.00410614 253
0.332386 1.90249 0.609574 0.00108716 253
0.641514 2.1514 0.248858 0.00222032 253
1.696 1.34312 1.9268 0.00179607 253
1.35118 0.114835 2.77436 0.00204393 254
1.84441 2.92733 2.0972 0.00341492 254
2.77114 0.427232 1.05095 0.00255732 254
2.52097 2.78553 0.543833 0.00215264 254
0.698611 1.67404 1.53206 0.00298626 254
1.33701 0.832944 2.07982 0.00196069 254
1.30139 1.31937 2.2995 0.00468309 254
1.15541 1.6041 0.90056 0.00287963 255
0.663901 0.757684 1.05604 0.000277219 255
0.263858 0.128451 0.803464 0.00248951 255
1.88921 2.27274 1.59372 0.0019321 255
1.35807 1.99568 2.2704 0.0017236 255
0.158569 0.283832 2.61137 0.0022788 255
2.98496 2.38716 2.41358 0.00296176 256
2.93553 0.853486 1.42959 0.00489995 256
0.980031 2.03899 1.0222 0.00464049 256
2.12148 0.143929 1.35886 0.00391507 256
2.11223 1.80604 2.27456 0.00163762 256
2.02971 1.76627 1.13687 0.00174544 256
2.87152 2.38806 2.77975 0.00121105 256
2.34257 2.18533 2.56751 0.00237594 257
0.45345 2.97297 2.45866 0.000467599 257
2.31392 2.4549 1.97377 0.00324494 257
0.477938 1.0997 1.26693 0.00122481 257
1.40002 1.35821 1.60217 0.00259103 257
0.229866 2.03172 2.98998 0.004612 257
1.04108 0.627035 0.29916 0.0012134 257
1.06802 1.90563 0.0913292 0.000444342 258
2.75612 0.774889 0.423472 0.00185845 258
1.87026 2.49755 1.82036 0.00322761 258
1.97991 0.52848 1.66909 0.00444611 258
2.44681 0.249909 2.82645 0.00343737 258
0.967877 1.33399 2.2887 7.03261e-05 258
2.50398 0.737204 1.27858 0.000557969 258
1.52023 1.22017 0.149298 0.00492091 259
0.900853 1.27615 2.42754 0.000990159 259
1.56068 2.87218 2.43761 0.00491938 259
2.38645 0.644359 0.322157 0.00367774 259
2.62271 2.90256 0.428744 0.00106113 259
0.335978 0.717405 0.788753 0.000757098 259
0.472895 0.371554 1.80956 0.00241683 259
1.12551 2.98952 0.780503 0.00429835 260
1.60334 2.50187 1.54974 0.00272304 260
2.08596 1.22497 0.393289 0.00416278 260
1.24878 2.9604 2.23835 0.00394656 260
1.17002 1.41701 0.711624 0.00201087 260
1.6687 2.40218 2.21773 0.00316565 260
1.73361 2.07637 1.49574 0.00459516 261
1.16454 2.28378 1.18741 0.000117203 261
1.38963 1.55887 2.91745 0.00357117 261
2.86517 0.140687 2.37236 0.00200155 261
0.440127 2.76296 1.13153 0.00115842 261
0.852316 0.80782 0.536367 0.00330296 261
2.82165 1.86523 0.280538 0.00482392 261
1.89619 0.444468 2.22108 0.00192227 262
2.69458 0.16935 2.9408 0.000696849 262
0.394426 1.65646 1.38856 0.00168509 262
2.71862 1.29257 1.81279 0.00299379 262
1.30526 2.338 0.262477 0.00376771 262
0.0608534 1.93596 2.69822 0.00137306 262
2.28878 1.08698 2.29705 0.00333153 262
1.12182 0.662651 2.63212 0.000808222 263
0.00110919 2.9365 0.372404 0.00309261 263
1.2685 0.192047 2.96005 0.00383584 263
2.80407 2.4115 2.24974 0.000191534 263
2.30815 1.2641 2.82536 0.00118567 263
0.856222 2.71357 2.70254 0.00473844 263
2.4562 1.3744 1.31405 0.000151035 264
1.80291 1.23051 0.611892 0.00340962 264
2.87038 0.549631 0.275245 0.00273904 264
2.261 0.253633 0.387928 0.0015234 264
2.95315 0.267458 1.15051 0.0020958 264
1.37988 0.120301 1.82909 0.0045299 264
0.0854585 1.11731 2.23459 0.00159647 264
0.298113 1.52127 2.08762 0.00401992 265
1.30805 1.95749 2.23522 0.00351444 265
1.75811 2.67313 2.08591 0.00180635 265
2.20268 2.04182 2.40143 0.00364425 265
0.607968 1.64304 0.229094 0.00181628 265
0.140912 1.86401 1.46775 0.00256103 265
0.670012 1.7455 1.87681 0.00213392 265
0.42277 2.36378 2.41605 0.00275142 266
0.401856 0.0923315 1.70297 0.00392402 266
1.20088 0.0939879 0.327711 0.00460665 266
0.251117 0.943326 2.24024 0.00268494 266
2.2229 0.7787 0.90695 0.00191241 266
0.808888 0.862248 1.48031 0.00414274 266
0.716258 0.862601 0.226093 0.0040216 266
1.31711 0.407342 0.42552 0.00362149 267
1.19377 1.84722 0.224681 0.00190957 267
1.98229 2.05312 0.481409 0.00294855 267
2.65425 0.682512 2.19304 0.00395455 267
0.860391 1.38944 0.513591 0.0039574 267
1.68481 1.83322 1.79665 0.00217272 267
2.30273 2.24161 2.84094 0.000408861 268
2.06026 1.70745 0.481817 0.00167924 268
1.26465 2.30959 1.96328 0.00057436 268
0.0579726 0.641827 2.974 0.00377301 268
1.55104 1.03058 1.06392 0.00175821 268
2.66061 0.0599592 2.88607 0.00221358 268
2.46958 0.033136 1.01865 0.00154196 268
2.14778 1.35308 0.532638 0.000374583 268
0.619335 0.778447 0.998667 0.00291605 269
0.90426 1.14655 0.140261 0.00278081 269
0.339766 2.92572 1.82685 0.00116561 269
0.774147 0.951578 2.92242 0.00225356 269
2.52203 2.36699 0.776451 0.0022155 269
2.6134 0.385364 0.0263489 0.00360894 269
2.80983 0.17645 1.93966 0.00436689 270
1.20316 2.06135 1.44751 0.00104427 270
1.58151 0.585569 1.44137 0.00408642 270
1.6281 2.25203 1.35452 0.00119742 270
2.20052 0.177313 0.82562 0.00499295 270
1.03856 1.7441 0.551474 0.00339834 270
0.588689 1.57137 2.08849 0.00162694 270
1.77414 0.436061 1.63874 0.00102301 271
1.02163 1.09126 0.554832 0.000527105 271
2.73626 0.97647 0.0339281 0.00451884 271
2.49412 2.51928 1.0478 0.00134929 271
2.68495 2.87276 1.81583 0.00302339 271
2.10765 1.66244 2.9086 0.00130213 271
0.289133 1.01529 0.430892 0.00131957 271
1.61129 1.74682 0.0492057 0.00412991 272
1.38161 0.0512191 2.45249 0.00314406 272
1.32672 0.505698 0.703416 0.00279216 272
2.19994 2.53484 2.18651 0.00223955 272
2.25015 1.56289 1.65175 0.000930288 272
2.07943 2.43677 1.81857 0.00498685 272
2.65605 2.0123 1.64373 0.00373984 273
2.78488 0.150891 0.767464 0.00348633 273
0.603275 2.73329 0.304171 0.000852213 273
2.55874 1.81071 0.909938 0.00242765 273
0.501597 1.61912 2.45029 8.90502e-05 273
2.41391 2.46105 0.0739585 0.000433223 273
2.49529 2.47053 0.650542 0.00397062 273
1.57252 1.24754 2.4807 0.00424501 274
1.1436 2.84007 1.02098 0.000709163 274
0.661126 1.57258 0.717126 0.00184915 274
0.35756 0.0762438 1.99835 0.00316868 274
1.0073 2.44441 0.199125 0.00110751 274
0.329652 0.692599 0.270951 0.00441861 274
0.609725 2.33067 1.31189 0.00491484 275
2.06433 2.50925 2.64269 0.00407065 275
2.06128 0.389706 2.58614 0.00142272 275
0.356852 1.82292 1.43752 0.00452364 275
2.17637 2.13689 0.83805 0.00405086 275
2.56506 0.447603 2.81356 0.0028028 275
1.00051 2.86998 0.231607 0.00213727 275
0.554966 2.84712 0.651769 0.00211927 276
0.672584 1.88127 2.66596 0.00185391 276
0.201185 2.28662 0.990718 0.000739268 276
0.0733243 2.24726 0.971115 0.00390669 276
2.4869 1.34438 1.85614 0.00431886 276
1.7646 2.58656 2.49274 0.000438813 276
0.0427263 2.63239 2.12981 0.000957979 276
2.11665 0.714558 1.32552 0.00294602 277
1.42004 1.1431 1.27688 0.00367739 277
0.594496 0.237408 1.95523 0.00160165 277
0.584201 2.87544 1.36257 0.00217046 277
0.0323193 0.752895 2.36922 0.00419775 277
0.44278 2.49923 1.89084 0.00219083 277
1.57911 0.982594 2.1652 0.00296894 277
2.04256 0.663938 2.21173 0.000859501 278
2.23878 1.26981 1.10927 0.00415332 278
1.50658 1.42452 0.414636 0.000861899 278
1.47047 1.59617 2.41661 0.000874364 278
1.75192 1.11907 0.867531 0.00463075 278
2.50893 2.90564 2.33408 0.000684113 278
2.09991 0.866555 2.66366 0.00244233 279
1.98861 1.91055 1.07603 3.23711e-05 279
2.87466 2.85835 2.08106 0.00212992 279
2.73383 1.35242 1.7777 0.00148529 279
0.327383 0.633502 1.32613 0.00152622 279
1.52208 1.43896 2.28626 0.00262604 279
2.01764 2.69478 1.84612 0.00409983 279
2.19449 0.70889 1.50876 0.000761253 280
2.43228 2.65069 2.80549 0.00471813 280
2.88829 1.39239 2.7365 0.00485566 280
2.35081 0.672006 2.59787 0.000981914 280
2.24124 2.78751 2.64714 0.00149568 280
1.79962 1.00375 0.941625 0.000690303 280
1.55902 0.676132 0.362353 0.00300414 280
1.1315 2.13883 0.52965 0.00153536 281
0.311595 2.79162 2.63353 0.00195308 281
1.9355 0.45594 2.57509 0.00234859 281
2.97211 2.12693 2.81513 0.000676662 281
2.81868 2.43857 0.118803 0.00435338 281
0.223656 2.16409 1.36513 0.00368696 281
0.375439 0.517215 2.41051 0.00137229 281
0.189802 0.719434 2.52368 0.000424422 282
1.50811 0.452892 2.50415 0.00488888 282
0.869322 1.78802 1.15576 0.00165729 282
1.26251 0.856612 0.0231273 0.000224062 282
2.54165 2.92159 2.95311 0.0034438 282
0.643836 2.3277 2.62865 0.00314232 282
1.22889 1.56318 1.8532 0.000306752 282
0.145128 2.54357 0.510717 0.00379433 283
2.18809 2.83008 1.43862 0.00386187 283
1.40638 0.175286 1.80623 0.00368978 283
1.55441 0.696473 2.69152 0.00387314 283
0.551801 2.45225 0.496057 0.000551521 283
1.07395 1.17393 1.78167 0.00469887 283
2.47415 2.88624 1.87088 0.00468625 284
2.64622 0.699026 0.402906 0.000875102 284
1.6884 1.95068 1.10591 0.00329454 284
2.79068 2.06461 1.79989 0.00255084 284
2.00581 0.991773 1.77637 0.00131407 284
0.468398 0.748881 0.813155 0.00182941 284
0.685641 1.41824 1.66528 0.00410428 284
2.54499 2.27588 2.60205 0.0043116 285
1.66619 0.604604 2.95674 0.00149256 285
1.36062 1.8947 0.863086 0.00154904 285
2.45738 2.85973 1.1774 0.00227491 285
0.0457843 0.963406 2.84338 0.0020857 285
1.5834 0.119506 1.23235 0.0023979 285
2.74227 0.292151 1.10845 0.000916661 285
1.54918 1.19533 2.58225 0.00138833 286
0.0564516 2.73765 0.0191007 0.00134587 286
1.33523 2.19896 0.260246 0.0026036 286
1.56448 1.3245 2.96317 0.00221219 286
0.462254 2.65728 0.273739 0.00252157 286
0.396468 2.28872 1.76608 0.000396308 286
2.39371 0.00158534 2.20786 0.0012283 286
0.744061 1.88469 2.24783 0.00358054 287
1.08924 2.42004 0.947804 0.00286576 287
2.63142 1.04012 1.0894 0.00267247 287
1.72017 1.66905 1.1213 0.0012853 287
0.286653 1.44777 2.61873 0.00452703 287
0.513599 0.108394 0.382277 0.00408786 287
1.40115 2.81142 0.678043 0.00273581 288
2.81755 1.43331 1.27027 0.0019142 288
1.27695 0.480889 2.18409 0.00261655 288
0.129359 2.39128 2.533 0.00396392 288
1.39105 1.71704 1.11459 0.000833204 288
2.74684 0.479235 2.51687 0.0046945 288
0.625101 1.17228 2.79029 0.00342667 288
0.518633 1.29679 1.44233 0.00350854 289
1.75548 2.96991 0.109192 0.0015898 289
1.48713 0.677157 1.14153 0.00314635 289
0.767729 0.297229 0.348293 0.00162174 289
0.753144 2.24091 1.55261 0.00291869 289
1.65485 2.61194 2.76804 0.0027168 289
2.43572 2.37934 0.111853 0.00319275 289
2.38431 1.50651 2.98314 0.0015928 290
2.92034 2.7669 0.465675 0.00158198 290
0.30312 0.215746 2.61214 0.00300124 290
2.66472 1.79791 2.61388 0.0027304 290
0.899339 2.30549 2.43731 0.00472146 290
2.62127 1.51744 0.131535 0.00147831 290
0.434062 0.0272869 2.47687 0.00403242 291
1.45644 2.83753 0.333199 0.00431658 291
2.48511 2.22664 2.93815 0.00167396 291
1.08555 1.96979 1.42119 0.00497591 291
0.616353 0.184909 2.71636 0.00147359 291
0.0949652 0.191785 1.18903 0.00423046 291
0.293429 1.33247 1.73472 0.00241466 291
1.29742 0.309167 0.558351 0.000626667 291
1.40531 0.908317 1.52436 0.00171341 292
0.0596493 2.15605 0.856284 0.00487094 292
0.226202 2.25649 1.606 0.00496581 292
2.43737 1.58727 0.460464 0.00440339 292
2.65186 1.36724 2.97027 0.000644242 292
2.33634 0.318592 2.68275 0.0047831 292
1.85803 2.27087 0.154188 0.00159122 293
1.63621 1.2933 2.76192 0.000524523 293
0.540102 2.79882 2.9441 0.000109339 293
0.321144 1.9174 2.32924 0.00308651 293
2.05895 0.246398 1.97813 0.00312609 293
1.96639 0.45669 2.63568 0.00330716 293
2.92188 2.52574 1.41088 0.00432886 293
0.894686 0.611363 0.429155 0.00471029 294
1.1686 0.602064 1.38668 0.000879031 294
2.39893 2.15047 1.71313 0.000499881 294
2.59093 0.225851 1.47143 0.0013519 294
2.74644 0.335933 0.238316 0.000924133 294
0.576204 1.94378 0.418831 0.00479084 294
2.71075 0.682099 1.73602 0.00194342 294
1.36712 2.92352 1.76376 0.00370263 295
0.149441 0.913234 1.94363 0.00109765 295
2.49991 0.373753 2.106 0.00201348 295
0.884969 1.05839 1.88346 0.00208181 295
2.27722 1.18294 2.09646 0.000548016 295
0.601983 0.390672 1.09503 0.00301377 295
2.30012 0.493887 1.52162 0.00462057 295
0.252304 0.936058 1.66453 5.93802e-05 296
0.817183 0.94411 1.8088 0.00338666 296
1.3278 2.64135 1.69959 0.0017446 296
0.708793 2.76784 0.830239 0.00421473 296
2.51941 0.97808 2.87607 0.000286863 296
2.72495 0.299676 1.3017 0.00481481 296
1.29496 1.8002 1.74573 0.0031506 297
0.824048 0.0955777 0.168774 0.000156632 297
0.128042 0.546689 0.879647 0.000503414 297
0.352945 2.97533 1.34175 0.00476211 297
1.74281 2.21918 2.13481 0.00133878 297
0.324605 1.34709 2.31637 0.00220601 297
2.73857 1.39991 0.593134 0.00316395 297
2.11568 1.0556 1.51307 0.00490217 298
2.60227 2.19986 1.20723 0.000483588 298
1.26364 2.21591 2.17355 0.00289261 298
1.33262 2.00316 1.22429 0.00225774 298
2.62533 0.793014 1.06803 0.00103922 298
1.95938 1.0613 2.21068 0.00365897 298
0.366587 2.40871 0.820186 0.002309 298
0.166368 1.54179 0.980463 0.00228995 299
1.02056 1.87639 2.22622 0.000337537 299
0.800986 0.791327 1.95956 0.000774926 299
2.63478 0.74002 1.67081 0.00408461 299
2.90136 2.46951 1.22131 0.00327835 299
1.64418 2.61395 0.963382 0.00359977 299
0.794145 1.56129 0.352974 0.0027472 300
2.50154 2.97971 0.950136 0.00434397 300
0.099904 2.15459 2.39674 0.00492959 300
0.471265 1.04846 0.77779 0.00327378 300
0.0862932 2.50588 1.49198 0.0025656 300
1.84585 2.26721 0.421904 0.00471724 300
0.93785 1.07105 2.57958 0.00156246 300
1.24607 1.6357 1.88763 0.00429214 300
1.11948 1.62637 2.49048 0.00393342 301
2.80901 0.85094 2.85661 0.00233314 301
0.916437 1.66508 1.90928 0.0027738 301
0.625887 0.653393 2.39701 0.00335985 301
1.56747 1.14058 1.45082 0.00231436 301
2.65719 1.39072 2.51502 0.000792176 301
2.17728 0.424536 1.01477 0.0018343 302
2.16456 0.290543 2.29954 0.00397721 302
2.79389 0.0244461 1.62462 0.0030433 302
2.74398 2.26172 2.71059 0.0033903 302
2.90751 2.05533 0.376347 0.00324127 302
2.60716 0.245031 0.305914 0.00486265 302
2.25404 1.87019 1.91027 0.00394004 302
1.3701 0.342377 2.16252 0.00101193 303
2.60476 1.73698 0.550112 0.00130967 303
1.68622 1.92122 2.74261 0.000587037 303
1.52933 2.12768 1.50426 0.00460779 303
0.364125 2.0737 1.25146 0.00111227 303
2.00994 0.762929 0.655129 0.0040688 303
0.599841 1.22609 0.849816 0.00124886 303
0.345774 1.90188 0.374752 0.00325524 304
2.84456 2.14702 2.70353 0.00139531 304
0.48158 0.973154 2.27136 0.00412745 304
0.0259962 1.75089 2.11437 0.00348129 304
0.41189 2.14451 2.09387 0.00382732 304
2.19548 2.46527 1.55503 0.00276709 304
1.51551 1.5319 1.60101 0.00105027 305
0.93191 2.10371 0.96237 0.00112445 305
0.346793 1.1377 0.605376 0.000260508 305
1.98037 2.19447 2.64144 0.00282503 305
0.868059 0.123189 2.76668 0.00239198 305
0.885878 0.372004 1.76034 0.00353208 305
1.17594 0.929393 2.78728 0.00226926 305
0.168255 0.812942 0.0871982 0.00254565 306
2.70061 0.53526 1.21221 0.00349548 306
1.67545 1.42602 1.36058 0.0040144 306
0.949389 0.652075 2.40557 0.0045316 306
0.843298 2.20233 1.3918 0.00161611 306
0.649773 2.5383 2.3613 0.000656935 306
1.12332 1.39727 1.01394 0.00301937 306
2.67961 1.41422 1.3593 0.00480457 307
1.78959 0.671894 1.34864 0.00363158 307
2.03658 2.96158 1.92859 0.000769002 307
2.94816 0.889102 0.799212 0.00432228 307
1.6173 0.563219 0.12887 0.00185548 307
1.09191 1.14926 0.764354 0.0048797 307
0.0546149 2.95332 1.36359 0.000702092 308
2.07061 1.03242 0.398394 0.00245449 308
0.221282 1.56573 0.937694 0.00391421 308
1.59576 2.67238 2.14299 0.00455524 308
1.85508 2.28108 1.20277 0.00203575 308
0.419095 2.32813 2.96592 0.00262314 308
1.27943 1.15927 1.49739 0.00454416 308
1.08027 0.380034 1.75468 0.00250563 309
2.10042 2.53272 0.83438 0.000351208 309
1.76668 2.8848 0.0447629 0.00344916 309
0.360953 0.68509 1.67941 0.0023007 309
1.60495 0.580708 1.64864 0.00487506 309
2.67188 1.20742 1.24252 0.0005898 309
1.18582 2.94697 1.16361 0.00457542 309
2.62486 0.0845149 1.98759 0.000694354 310
0.882478 1.45836 1.10203 0.000322711 310
2.32333 2.53087 1.70709 0.00144934 310
2.76259 2.52164 0.468208 0.000158584 310
1.61554 0.62675 0.236399 0.000731715 310
2.0174 2.25074 2.69506 0.000222407 310
2.57393 2.06858 0.759829 0.000653258 310
1.91987 1.65092 2.50703 0.00215209 311
0.863264 0.0836948 2.1314 0.00220978 311
0.918948 1.82178 1.83806 0.00209057 311
2.66765 1.75323 0.969656 0.000195642 311
0.067214 1.42944 1.43264 0.00108083 311
2.89387 1.9764 2.87946 0.00439189 311
0.105812 0.544561 1.77293 0.00325879 311
2.77371 2.08436 1.99351 0.00482842 312
1.00603 2.84644 0.192682 0.000750576 312
0.585627 2.40697 0.728717 0.000590196 312
1.75206 0.288336 0.52638 0.00455248 312
0.975087 1.86803 0.771416 0.00215914 312
1.83446 0.0908666 0.645999 0.00173025 312
2.27986 0.0817594 0.923253 0.000213493 313
2.19074 1.23722 2.29368 0.00158551 313
0.487697 0.725657 0.869466 0.00463551 313
0.210315 0.167534 1.93057 0.00450426 313
0.408954 2.96544 2.28402 3.26495e-05 313
0.418361 2.35552 1.91635 0.00316053 313
0.15073 1.3807 1.02457 0.00033517 313
0.432688 1.85565 2.0256 0.00484373 314
0.913824 0.250611 1.57956 0.00468814 314
2.78571 0.287294 2.47293 0.00081089 314
0.212597 1.14804 2.05497 0.00282138 314
2.65918 0.504012 0.69881 0.00325128 314
1.31312 2.20739 1.40687 0.00365324 314
1.28298 2.26328 0.667953 0.0032081 314
0.0466482 1.78597 2.81034 0.00322104 315
1.31488 1.40684 0.265849 0.00440534 315
1.39383 1.64843 2.56352 0.00232023 315
1.49008 0.110633 2.53477 0.00252479 315
2.42905 2.96802 0.570205 0.00329227 315
2.15652 1.54391 0.489584 0.00381371 315
0.582974 1.94712 1.45538 0.00370929 315
0.405324 0.710617 0.000452724 0.00349878 316
2.55511 1.17503 2.35594 0.00288616 316
2.65044 0.743872 0.565696 0.0015339 316
2.39023 2.8061 0.0285462 0.00251773 316
2.25557 1.62324 1.8922 0.00225624 316
2.7083 2.35236 0.0896865 0.000729548 316
0.645906 0.705639 2.81704 0.000262993 317
0.830567 1.82046 2.5989 0.00264178 317
2.73022 0.0527282 2.51372 0.00339278 317
0.838412 2.72617 2.70454 0.0020198 317
2.31691 2.11033 2.71815 0.00413293 317
0.995291 2.57607 1.22341 0.00174947 317
1.1174 0.491343 1.13935 0.00155046 317
2.84606 1.69365 2.28461 0.0019372 318
0.0154234 0.845836 0.809008 0.00411281 318
1.87498 0.911708 1.05176 0.00238768 318
2.46794 2.27501 0.121061 0.00477878 318
0.59208 1.63715 2.18392 0.00114887 318
0.237758 1.96548 2.12203 0.00151104 318
0.872176 2.21092 0.180894 0.00360483 318
1.42278 2.01957 1.9177 0.00389649 319
1.34356 0.302151 0.285878 0.0027532 319
1.67346 1.25912 1.75254 0.00321325 319
0.563502 2.59217 1.21567 0.00388561 319
1.90817 0.745201 2.75099 0.00412355 319
1.44013 1.07528 0.656919 0.000255964 319
0.880283 1.38606 1.76932 0.00105411 319
1.70124 0.0731087 1.82496 0.000210139 320
1.73996 0.0369295 1.79283 0.0027332 320
2.40456 1.85886 1.18162 0.00297919 320
1.81507 2.5047 0.841465 0.00144274 320
0.0441944 2.23678 0.508262 0.00135452 320
0.529348 2.50777 0.38256 0.00477252 320
0.853791 2.85054 0.209697 0.00449142 321
0.0379115 0.2102 1.94541 0.00126799 321
0.776658 0.337827 0.972988 0.00467193 321
0.524043 0.0627389 2.95007 0.00447872 321
1.30346 0.95909 1.33985 0.00277112 321
1.74359 0.346371 1.42336 0.00132416 321
0.922865 1.2288 0.342248 0.00181139 321
2.24484 1.36844 2.18097 0.00475811 322
2.99683 0.352663 1.21753 0.00210782 322
1.14952 0.768944 0.0982133 0.00371312 322
0.770229 0.0142146 1.24938 0.000518718 322
0.910388 2.4147 2.0131 0.00198088 322
0.437846 2.79716 0.514821 0.00299141 322
1.71098 2.35671 1.11632 0.00484686 322
2.02688 1.00177 1.97917 0.00253837 323
2.68541 1.33124 2.64928 0.00358572 323
2.62888 2.16781 1.0274 0.00197744 323
0.929662 0.645534 1.94216 0.00049143 323
0.111113 2.78222 1.45833 0.00170575 323
0.590649 2.16907 0.330394 0.00142711 323
2.02335 2.97604 1.17156 0.00173658 324
0.526137 0.351442 0.569473 0.00245712 324
1.58844 2.55012 2.94766 0.00167123 324
1.90078 1.80897 1.07093 0.00483133 324
2.50603 0.0389936 0.9187 0.00274314 324
0.206186 2.33475 0.0923107 0.000292522 324
0.391908 0.195684 2.19877 0.000864228 324
1.61461 1.32269 0.8586 0.00235648 324
1.95784 1.9395 0.560637 0.000777125 325
0.213595 2.91173 0.562221 0.00137866 325
1.02641 2.0676 2.78245 0.000886049 325
0.721433 1.23948 0.390367 0.0047268 325
1.59768 2.91961 2.20308 0.00271277 325
1.50964 1.64651 0.065146 0.00247334 325
1.90668 2.14265 1.66157 0.000167657 326
1.34593 0.871814 1.85244 0.000170023 326
2.7144 1.546 0.996257 0.0018993 326
0.322518 0.642003 2.82878 0.00156585 326
1.37596 1.66383 0.0638974 0.00170297 326
2.04045 1.65508 1.72966 0.00290561 326
1.83912 1.15983 2.00981 8.34909e-05 326
1.44222 1.60873 0.671851 0.00013573 327
0.269343 0.156334 1.31754 0.00234086 327
0.714484 1.16853 2.9452 0.00223173 327
2.00046 2.78903 2.61465 0.00461287 327
1.92859 2.57181 0.43547 0.00371579 327
1.21529 2.40137 0.709282 0.000901861 327
1.47492 1.99735 2.07158 0.00228158 327
2.35248 0.5157 2.57131 0.00109252 328
0.633072 2.99278 0.826901 0.0010345 328
1.6584 0.21828 2.58099 0.00125442 328
0.656132 2.41869 1.25401 0.00343211 328
2.52826 0.70175 2.37475 0.0029972 328
2.16195 2.75633 0.580708 0.00308046 328
2.15136 0.820919 1.17865 0.000867315 328
1.55721 2.60036 0.451202 0.000984096 329
2.14291 0.559675 0.503939 0.00131079 329
2.14068 1.33742 2.35878 0.00338904 329
0.675325 0.206118 0.329135 0.00326164 329
1.19747 0.616993 2.94277 6.20614e-05 329
2.06253 2.89744 1.37197 0.000106856 329
0.93121 1.60322 0.447063 0.00392068 330
2.72784 1.59491 1.76483 0.000651431 330
1.05158 0.765263 1.02886 0.000376831 330
1.78314 1.98698 0.889873 0.00237086 330
1.51336 0.873898 1.2758 0.000843575 330
1.87625 2.96291 1.67553 0.00272729 330
0.0716712 0.147249 0.636305 0.00205053 330
0.399097 0.831084 1.35224 0.00166355 330
0.888694 0.835467 0.399479 0.00295334 331
1.94098 1.52695 1.2404 0.00123725 331
2.37634 2.3737 2.68421 0.00251672 331
1.50301 2.62764 2.56338 0.00374183 331
0.706728 1.91539 0.757117 0.00320399 331
2.22897 2.34863 2.28246 0.00393595 331
1.22643 0.12157 2.44684 0.0042614 332
0.512427 1.96025 2.8534 0.0002892 332
1.46534 0.087242 0.874972 0.000565495 332
2.85731 0.688235 2.91295 0.00374669 332
0.782299 0.203756 2.42564 0.00179419 332
1.06452 1.21484 0.0112431 0.00459439 332
0.00846869 2.51823 0.0670997 0.00267747 333
0.130681 0.921979 1.52308 0.00331997 333
0.0125359 2.19551 1.19767 0.000772449 333
2.57679 0.233041 2.72614 0.00233515 333
0.653551 1.5938 1.6857 0.00266456 333
2.66106 2.68037 0.182421 0.00117904 333
1.84161 2.49058 1.68994 0.003578 333
2.99833 1.31794 0.5161 0.0022435 334
1.11417 0.475516 2.30233 0.00200436 334
1.95294 0.234146 0.896457 0.0046491 334
0.00509851 0.596731 1.71246 0.00108792 334
2.19718 2.82379 1.7228 0.00199826 334
1.4603 1.68819 1.73295 5.67192e-05 334
1.38687 0.790129 1.92069 0.00385086 334
2.97793 2.54997 1.64616 0.00203429 335
2.46568 2.86083 0.143554 0.00483642 335
2.45918 1.3271 0.121576 0.00313629 335
0.00381728 0.000896554 1.32014 0.00115637 335
2.26569 2.64937 0.35074 0.0019651 335
0.587502 2.80688 2.20088 0.00266528 335
0.98482 1.05415 1.12727 0.00409097 336
0.106563 2.37266 1.59478 0.00137534 336
2.70335 2.44953 1.92902 0.000473921 336
2.89988 1.59045 0.606195 0.000184826 336
2.58247 2.73202 2.30483 0.00178594 336
0.277256 2.31524 2.47621 0.00264647 336
1.36411 2.24539 2.8073 0.00223537 336
2.02617 2.08952 2.33786 0.00169946 336
2.15723 0.733827 0.472862 0.000148522 337
1.4481 2.54033 1.51397 0.00278451 337
0.611345 2.55773 2.75217 0.000819432 337
1.59017 0.0323378 0.894548 0.00252896 337
2.25929 0.916646 2.60669 0.000303657 337
0.13228 0.281147 0.664129 0.00309217 337
0.0912255 2.54204 2.72115 0.0018886 337
2.27323 0.365671 1.57907 0.000529842 338
1.35519 0.432603 0.907881 0.00373104 338
1.87262 0.263319 2.33134 0.00208498 338
1.27216 0.436798 1.65664 0.00127887 338
2.54872 2.19026 2.54571 0.000311476 338
2.02922 1.63439 1.59922 0.00427599 338
1.81062 1.50464 2.90266 0.004438 339
1.85067 1.49178 2.41207 0.00377807 339
0.567221 1.92891 0.62524 0.000219364 339
0.559488 0.712439 0.961397 9.90323e-05 339
2.16992 2.68948 2.54019 0.00166112 339
2.40678 1.47058 2.61716 0.00216122 339
2.51576 1.16563 1.23783 0.00133411 339
2.64771 2.5165 1.93492 0.00298413 340
1.46178 2.56797 1.83742 0.00445249 340
2.36658 0.938734 2.44404 0.00476488 340
2.68755 0.736242 2.01504 0.00124321 340
1.13595 1.88552 1.14503 0.00124182 340
2.02166 1.72507 1.30542 0.00259919 340
1.70477 0.217172 0.0214571 0.00267422 341
0.110503 1.40319 2.92841 0.00449507 341
1.29308 1.17083 2.62496 0.00350333 341
2.59301 0.360927 0.190416 0.00283074 341
1.71519 2.56158 2.98423 0.00056777 341
0.450739 2.9166 2.13443 0.00378384 341
2.95356 0.227467 0.355538 0.00380626 341
1.03029 2.15333 1.90591 0.00291089 341
1.24213 0.720321 2.10296 0.00456271 342
2.86802 2.14844 2.9463 0.00305184 342
1.46831 1.1858 0.563069 0.0039319 342
0.870766 1.87127 1.61542 0.00419482 342
0.811437 0.183506 2.38078 0.00413575 342
0.718765 1.16725 2.1079 0.00346523 342
0.319868 2.53557 2.0299 0.000713128 343
1.9616 1.10817 2.88091 0.00318752 343
2.35584 1.92936 0.116779 0.00252629 343
2.92286 0.980207 0.779372 0.00101986 343
0.5395 0.728976 1.3043 0.00406192 343
2.81647 2.9811 1.29718 0.00107405 343
0.807097 0.112448 2.42283 4.15904e-05 343
1.44318 2.5115 2.12452 0.000836861 344
0.159285 2.03289 1.45744 0.00440847 344
2.78043 1.28371 1.63503 0.00359172 344
2.89711 1.98846 1.33481 0.00335278 344
0.910505 0.631256 2.33965 0.0011845 344
1.5316 1.37233 0.416855 0.00224783 344
0.833104 2.70706 2.15751 0.00484131 344
0.349009 1.64501 2.6755 0.00100273 345
2.5803 0.00339571 1.42689 0.00163279 345
1.60087 2.9502 1.62443 0.00392876 345
1.21342 2.4347 0.508586 0.00288104 345
0.572964 1.53921 0.138149 0.000928568 345
1.2854 2.75141 1.2638 0.00435639 345
2.19809 2.17196 2.90079 0.000989505 346
2.96484 1.77901 2.38661 0.00335597 346
1.97369 0.61527 1.35026 0.00292224 346
1.35242 2.99439 0.773698 0.00428588 346
0.186762 1.74807 2.53623 0.00247099 346
2.8955 1.63049 1.08882 0.00249839 346
1.70348 0.827436 2.72092 0.00303573 346
1.62166 0.264848 2.91099 0.00455781 346
0.985747 0.450306 2.89416 0.00425404 347
2.76791 0.561146 1.96925 0.00495112 347
2.17158 2.83325 0.377379 0.000506709 347
2.22352 1.19699 0.574783 0.00116343 347
0.771171 2.73672 1.46583 0.00497759 347
2.96643 0.729268 1.66277 0.00353795 347
0.497336 1.41957 1.5637 4.91887e-05 348
2.63915 2.40403 1.29542 0.000956155 348
0.893358 1.07854 2.82425 0.00450519 348
0.678771 2.10467 1.76233 0.00120764 348
2.91495 1.44601 0.870396 0.00113319 348
0.0498315 1.26263 0.467925 0.00116827 348
0.13629 2.98348 0.188476 7.53735e-05 348
2.14433 2.1153 0.715506 0.00141189 349
2.75811 1.68494 0.296391 0.00464373 349
0.804427 1.28151 2.43079 0.00231098 349
2.09368 0.0986161 1.31891 0.00383489 349
1.05476 1.47699 2.81584 0.000328498 349
1.19632 1.99204 2.724 0.00338283 349
2.13415 2.1134 0.205907 0.0001759 350
1.14174 2.72096 1.86721 0.00352129 350
0.75689 1.84573 2.10478 0.000698296 350
1.63241 0.639112 1.58203 0.0018789 350
2.56709 0.485263 2.12387 0.00161491 350
1.4571 1.16348 1.26253 0.00391778 350
0.773745 1.90364 0.412746 0.00170086 350
2.47266 2.58293 0.804318 0.00483819 351
1.14761 0.097335 0.0377574 0.00160677 351
0.531343 1.46824 2.01041 0.00467592 351
2.05365 1.41524 0.729516 0.00447158 351
1.8235 1.54786 2.00233 0.00126514 351
2.63292 0.0576873 0.913735 0.004386 351
1.09731 2.77819 2.5496 0.000404926 351
2.26228 0.54396 1.61332 0.0020241 352
1.92512 2.90168 0.412341 0.00225017 352
1.35643 1.89166 0.082484 0.000892233 352
2.8236 2.71126 2.32617 0.000898417 352
0.0219204 1.25016 1.79423 0.00287384 352
1.63141 0.803437 2.93507 0.000894327 352
2.47794 1.95325 0.0707481 0.000920754 353
2.51709 1.85413 1.06071 0.00229115 353
0.927374 0.998985 2.73418 9.00488e-05 353
2.16638 1.12533 1.81177 0.00332986 353
2.53747 1.97947 0.626537 0.00411518 353
1.11839 2.80356 0.284506 0.000432468 353
1.0926 0.755228 1.28883 0.00320537 353
0.82198 1.01918 0.0852529 0.00123935 353
1.61958 0.57535 2.36703 0.000781527 354
0.857872 1.02844 0.506824 0.00360097 354
2.68198 0.558054 1.23143 0.000429147 354
1.62306 1.70135 1.06771 0.0006239 354
1.99858 2.88446 2.15176 0.00298171 354
1.58982 1.45468 1.78992 0.00481748 354
2.23482 1.71094 0.674558 8.10673e-05 354
0.164997 2.88181 0.74625 0.00456878 355
0.260931 0.519788 0.166274 0.000944849 355
0.632996 0.565137 2.75791 0.00269148 355
0.976548 1.2422 1.63164 0.00237878 355
1.87967 1.12356 0.278092 0.000596998 355
0.935789 2.87838 0.905573 0.00230447 355
1.20638 1.11394 2.50833 0.00115146 356
2.33067 1.05238 1.62218 0.00175208 356
0.506669 0.136517 2.12798 0.002496 356
0.688134 2.84329 2.79632 0.00453859 356
1.72453 0.955748 0.632825 0.00447273 356
0.266953 1.50808 0.65335 0.00237341 356
2.08071 2.74427 0.897976 0.00414184 356
0.458709 0.125756 2.73947 0.00376027 357
0.275512 0.836131 1.39356 0.0029658 357
0.549304 2.09839 1.78553 0.00231612 357
0.673793 1.67669 0.0370338 0.00254154 357
1.72952 0.449756 2.09046 0.00436225 357
0.0240577 0.919899 1.80403 0.00445704 357
2.22984 2.87639 0.628048 0.00112875 358
2.28607 0.430391 1.14654 0.00388983 358
2.82802 0.822728 1.96984 0.00258205 358
0.614198 2.41256 2.7173 0.00380261 358
0.256062 0.693119 2.65398 0.00434954 358
0.138141 2.67044 1.94684 0.00457422 358
0.566279 1.68133 1.25274 0.00323911 358
1.45339 0.134894 1.39274 0.00418598 359
2.78829 0.673955 1.92308 0.00022711 359
1.78159 2.81717 0.733988 0.00205832 359
0.498422 0.909924 2.22878 0.00413228 359
0.280846 0.305029 2.7278 0.0027867 359
1.54476 0.655676 0.542516 0.00377046 359
1.9874 0.878727 2.14629 0.00165243 359
2.94463 1.37876 1.56619 0.000138431 360
1.04988 1.28743 0.61589 0.00292647 360
1.49654 2.29563 1.29235 0.00331481 360
0.76328 0.582551 1.8976 0.00448296 360
0.547121 2.52897 1.19979 0.00090403 360
2.55414 1.60535 2.49829 0.00128979 360
0.523173 0.856104 2.15026 0.00181807 360
0.946179 1.53614 2.11917 5.26466e-05 361
2.13621 1.99958 2.93864 0.00275756 361
0.259025 1.02065 2.96899 0.00295203 361
0.442353 2.48849 0.871772 0.00191799 361
1.32389 2.85432 1.35436 0.000822811 361
2.54282 2.98594 1.80572 0.00379686 361
1.65962 0.0467461 1.91525 0.00116122 361
1.51843 0.439306 0.603539 0.00254832 362
1.2922 2.42269 1.62682 0.000119023 362
2.81133 1.85762 1.16239 0.00185008 362
0.154593 1.51484 1.4041 0.00450003 362
2.04319 0.327846 2.35156 0.00302626 362
0.802562 0.849346 1.10391 0.00170875 362
0.991962 1.99912 1.33045 0.00203187 363
2.14605 1.625 0.162893 0.00495829 363
2.13544 0.0998284 2.52787 0.000360779 363
1.00843 0.382548 1.63652 0.00192796 363
1.31888 2.18576 0.828957 0.00363775 363
2.60918 2.16128 0.63373 1.17526e-05 363
1.82775 2.38258 0.800574 0.00276313 363
2.12879 2.57515 2.46971 0.000341021 364
2.95944 2.76425 2.86348 0.00127452 364
0.737768 0.707004 0.183189 0.0033409 364
2.63627 1.84987 0.994383 0.00111349 364
2.49667 0.340066 2.99475 0.00272773 364
2.22115 0.624086 2.54711 0.00337349 364
0.240841 2.62037 1.3227 0.0030547 364
1.32232 1.6991 0.932831 0.00253054 365
1.15899 1.15089 0.876848 0.00150679 365
1.26647 2.36196 1.83104 0.00161964 365
0.480961 2.51454 2.13782 0.0035522 365
1.01548 1.12337 1.84922 0.00388147 365
1.53457 0.902073 2.18836 0.0022862 365
2.2322 2.05824 0.409598 0.00279778 365
2.97585 1.10208 0.936636 0.00196423 366
2.96175 1.78279 2.16023 0.00236927 366
2.84827 2.01824 1.48412 0.00243849 366
2.42826 0.0299787 2.79337 0.00422535 366
2.9513 0.895717 1.7154 0.000941312 366
1.61056 2.22799 2.55935 0.00497498 366
2.46333 1.88377 1.79748 0.00180898 367
1.21977 0.228659 2.90193 0.00343433 367
2.69978 2.45569 2.46316 0.00229706 367
1.01118 1.61254 0.629176 0.00150491 367
1.27096 0.38761 0.528824 0.00177583 367
2.69806 0.344682 2.42066 0.00490677 367
1.03598 2.81553 0.365664 0.00257961 367
1.63356 0.198824 0.251762 0.00369496 368
1.67237 1.12699 0.839686 0.00271031 368
0.313014 2.24975 0.714136 0.0035196 368
1.8934 2.04575 2.20441 0.00441354 368
2.89284 1.27891 0.946389 0.00407819 368
2.33923 1.30838 1.20576 0.00323024 368
2.9096 2.3703 2.87057 0.00365025 368
0.536553 2.32174 1.09365 0.000384036 369
0.705751 2.08832 0.793603 0.00425591 369
1.01571 2.8346 2.57821 0.00302112 369
2.37965 2.56616 0.106399 0.00232988 369
1.17717 0.733458 2.32014 0.00175404 369
2.13095 0.153428 1.29756 0.00311936 369
1.53632 2.443 1.93685 0.00272211 369
1.82024 1.84467 1.6974 0.00312128 370
2.0719 0.557181 2.63767 0.00488331 370
2.21284 2.61658 2.07724 0.001219 370
1.29816 0.750295 1.58526 0.00428056 370
2.69198 1.96294 2.3883 4.63616e-07 370
1.01286 2.36844 0.873374 0.00148342 370
0.0015882 1.74025 1.7482 0.00188387 371
0.302048 0.669024 1.87868 0.000646636 371
2.30436 1.51175 2.50581 0.00378552 371
1.96221 1.20241 1.43584 0.00243403 371
1.6896 0.214062 0.944733 6.84803e-05 371
1.82155 0.587327 0.117579 0.00265233 371
2.33324 0.408769 0.403972 0.00349083 371
2.91375 2.03524 2.7474 0.00148167 372
2.7489 1.72017 0.831919 0.00281548 372
2.5307 2.69874 1.31093 0.00286 372
0.957308 0.165888 1.00102 0.00263242 372
0.113017 0.411675 2.63069 0.000457959 372
0.510083 1.00508 2.91501 0.00207722 372
0.520139 0.367536 1.2854 0.000806399 372
2.9918 1.82543 0.0277336 0.00317223 373
1.82449 1.04595 2.40221 0.000540743 373
2.95507 0.510664 1.55848 0.00419089 373
0.388611 2.84486 0.3403 0.00357644 373
2.06669 1.49432 2.83427 0.00489262 373
2.07648 1.98468 1.47268 0.00155405 373
1.49455 0.307971 2.06931 0.000129284 374
0.638594 1.52787 2.74821 0.00342244 374
0.556394 1.83483 2.6342 0.00450874 374
1.66793 2.70488 2.64895 0.00268076 374
0.416299 0.160631 0.401927 0.00429408 374
1.95038 0.930721 1.08642 0.000449176 374
2.83513 0.796166 1.4145 0.00184385 374
2.48171 0.659494 0.723322 0.00075999 374
0.385628 1.56685 2.45696 0.00169244 375
2.44367 2.47937 2.82986 0.00481979 375
1.38321 0.551167 2.83087 0.00155919 375
2.91281 1.46191 0.782961 0.00499875 375
0.295753 2.80094 1.53364 0.00207845 375
0.444635 2.30326 0.490652 0.000617467 375
0.944513 0.423166 1.08145 0.00404895 376
1.42074 1.879 2.56104 0.00134467 376
0.390189 0.88231 1.20116 0.00357335 376
1.70016 2.99907 0.386815 0.00462779 376
0.1237 0.359881 1.03155 0.00459022 376
1.54092 0.892705 0.203523 0.00314911 376
1.58464 0.840175 2.84572 0.00375377 376
1.49702 0.394817 1.19411 0.00202072 377
1.89871 2.68675 0.500039 0.00387641 377
2.941 0.0345573 2.01667 0.00433567 377
2.76314 2.6471 0.617514 0.00354452 377
2.77878 1.48605 2.91781 0.00189646 377
1.46899 1.13047 0.204744 0.00492547 377
1.54753 2.9094 2.26882 0.00123274 377
2.30626 2.05448 2.46797 0.00266783 378
2.8586 2.12953 2.23278 0.00356334 378
2.51446 0.782767 0.683786 0.00216343 378
1.70941 2.91802 2.91421 0.00494943 378
0.264656 1.63054 0.520234 0.000250007 378
0.0514092 1.38814 1.93559 0.000609854 378
1.79312 1.7649 1.00033 0.0040153 379
2.57165 0.26964 0.326323 0.00145485 379
2.24709 2.97437 0.187027 0.00364618 379
0.177355 1.59816 2.14128 0.00341121 379
0.699847 1.12873 1.86206 1.5777e-05 379
0.0693189 1.0304 0.309755 0.00399003 379
1.66094 1.70991 2.17286 0.00402484 379
2.83078 0.295417 2.30346 0.00215579 380
2.58542 0.369353 0.24527 0.00478976 380
1.64246 2.38523 0.0327738 0.0022768 380
1.86264 2.23494 0.444005 0.000847313 380
1.9418 0.629681 0.902343 0.00346754 380
0.72739 1.07324 0.689183 0.0021699 380
2.39433 0.422484 2.10031 0.000411488 380
2.0572 2.07995 1.22991 0.00311136 381
0.974324 0.556424 0.222587 0.00445384 381
0.489551 2.04028 1.65906 0.00145071 381
2.72169 1.37356 2.14738 0.00397902 381
1.57166 1.57031 1.2269 0.00160952 381
2.22473 0.0121406 1.04295 0.00276117 381
2.31074 0.142187 1.58359 0.00457919 381
1.00428 0.568768 2.39534 0.0032774 382
2.20505 0.402201 1.11756 0.00171223 382
0.385186 1.38485 1.00798 0.00130678 382
2.11464 0.211786 1.86547 0.000583043 382
0.0940794 2.52357 2.48679 0.000545843 382
0.941976 0.0804056 2.73451 0.00090513 382
1.88707 2.79437 2.00057 0.00457108 383
0.0799001 0.667438 0.911912 0.0019404 383
1.9643 1.30321 0.126806 0.00169589 383
0.791815 2.69596 0.115127 0.00147717 383
2.55182 1.39873 1.88042 0.000949677 383
2.8149 2.72509 2.77904 0.00222792 383
1.84796 2.75072 0.817779 0.000356318 383
2.60315 0.0887514 2.52703 0.00260839 384
1.71172 2.33913 1.98592 0.00157729 384
1.52766 2.09485 0.455946 0.00309847 384
2.03731 2.82576 0.555302 0.00285019 384
0.279232 2.68988 0.97938 0.0015323 384
1.14705 1.18017 2.45499 0.00465294 384
0.692853 2.11999 2.05939 0.00133178 384
0.284962 0.949179 1.27449 0.000777957 385
2.26813 1.06502 2.84112 0.00386949 385
0.431654 2.00613 0.405743 0.00102247 385
2.91791 2.9709 1.89967 0.000710139 385
0.6619 2.23251 2.35758 0.000435247 385
0.119718 2.03003 2.00701 0.000753527 385
2.83415 0.350735 2.18989 0.00122097 386
0.406824 2.93259 1.88208 0.00304909 386
1.53442 0.366902 2.68988 0.00429597 386
0.742356 2.31761 1.77311 0.00413766 386
2.5705 0.92642 2.00657 0.00328067 386
0.60479 2.6522 2.32203 0.00189078 386
1.75423 2.00757 0.27634 0.0043012 386
2.76459 0.847654 0.456957 0.00332449 387
1.82644 0.189897 0.227419 0.00114716 387
0.127372 1.31436 1.60712 0.00128038 387
1.74683 1.86037 2.65193 0.00280236 387
2.45406 2.25979 2.22561 0.00421683 387
0.104699 1.20994 2.79546 0.00104936 387
0.0194904 1.76102 0.79035 0.00441523 387
0.0493039 2.3648 1.91936 0.0037751 388
1.25927 0.784561 2.01823 0.00124607 388
2.55635 2.77466 1.07889 7.41073e-05 388
2.19182 1.33527 2.00423 0.00285287 388
0.907658 1.4225 1.41317 0.00404441 388
2.94705 0.427545 1.38469 0.00227117 388
0.682712 1.92684 1.92581 0.00355712 388
2.07495 2.5457 0.00935885 0.00140143 389
1.55675 2.06073 2.36561 0.000400739 389
0.565016 0.619415 1.21424 0.00199041 389
2.28255 2.02801 0.164334 0.0046821 389
1.30421 2.39962 0.344999 0.00138313 389
0.777723 0.0308873 0.134151 0.000421009 389
2.41311 2.78089 2.54189 0.00352508 390
1.10473 1.39412 2.86872 0.00387031 390
2.05538 2.72157 1.25744 0.00196995 390
2.70568 2.42234 1.586 0.00179021 390
2.45064 1.7924 0.768059 0.00359713 390
2.47577 2.49361 1.74273 0.0043847 390
1.20477 2.42773 2.83702 0.0011404 390
1.36538 2.85709 0.394703 0.00431483 391
1.94336 0.957413 0.434963 0.00211219 391
1.42626 1.0989 0.735827 0.00214193 391
2.34553 1.78409 2.47853 0.00169312 391
2.85314 1.02366 2.46025 0.0012715 391
0.214671 2.20819 1.62054 0.00329799 391
0.27873 0.578715 0.129166 0.00306475 391
2.83042 1.67794 1.2718 0.00460037 392
0.527232 1.28408 1.9483 0.0048659 392
2.56072 2.5936 1.17054 0.00414832 392
0.0176984 2.5561 0.083648 0.00141665 392
2.36253 1.48364 1.69211 0.00217923 392
0.493008 0.806456 1.63392 0.00313863 392
1.02496 1.43733 0.306775 0.0032547 392
0.143655 1.67275 2.92534 0.0035838 393
1.85874 1.34932 1.56868 0.00355296 393
0.0628531 0.994726 2.50305 0.00404607 393
1.1293 2.83599 1.67216 0.00373285 393
1.41282 2.09234 1.44482 0.00437413 393
2.98329 1.21763 0.169819 0.00486152 393
2.91729 0.415648 1.62998 0.00313354 393
0.0108773 1.62122 0.701961 0.00175577 394
0.13778 1.50301 2.21972 0.00258484 394
1.33383 0.999568 1.61624 0.00372725 394
0.571396 1.26101 1.55123 0.000313 394
0.912123 0.28568 1.86754 0.000207501 394
0.160534 2.56273 2.72923 0.00449376 394
0.162905 2.72387 1.51808 0.000426723 395
2.77631 2.73958 0.0029359 0.00104031 395
0.544366 1.81378 0.0509123 0.0034621 395
0.849908 2.8212 1.57724 0.001102 395
2.93523 1.22761 0.762005 1.39239e-05 395
2.78357 1.10652 2.60002 0.00286928 395
2.52575 2.70385 0.719742 0.00260743 395
0.314192 1.13115 0.669537 3.9528e-05 396
2.41683 1.45593 1.74019 0.00415032 396
1.51424 2.76546 1.05492 0.00407281 396
1.33052 2.5801 1.90777 0.00499036 396
0.196811 1.74971 1.04023 0.000471698 396
1.86069 0.897643 2.689 0.00107502 396
2.09587 0.816605 1.81417 0.00340634 396
0.836087 1.1778 2.83889 0.000681533 397
1.0988 2.42685 0.741503 2.13871e-05 397
0.377716 0.809383 0.264615 0.0021013 397
0.365588 1.91608 0.313929 0.00218331 397
1.24669 1.75675 2.38023 0.00389309 397
0.50499 1.00728 2.52589 0.000952181 397
2.9439 1.79367 0.293674 0.00140729 397
1.10988 1.19066 1.79128 0.00321714 398
0.955885 2.27876 0.103546 0.0022673 398
0.326407 0.375139 2.89323 0.00195645 398
2.71033 0.698794 0.966615 0.00474981 398
1.74488 1.66016 1.78851 0.00246352 398
2.32085 1.9215 1.00862 9.09033e-06 398
0.0986599 2.74563 0.351187 0.000198338 398
2.37268 2.44505 0.691688 0.00118074 399
0.316198 0.316769 0.707856 0.000359935 399
0.343484 2.37533 0.145725 0.00480709 399
2.53638 1.53446 2.17031 0.00475094 399
2.40859 0.923596 1.2569 0.00218719 399
0.628087 2.05078 0.710859 0.00286113 399
1.08799 0.13832 1.98701 0.0041211 400
1.39797 1.26667 1.44372 0.00257571 400
0.789351 2.90811 1.13731 0.00352906 400
2.59013 1.46498 2.76073 0.000330974 400
1.02851 2.10129 1.33942 0.000870806 400
2.67741 2.43048 2.67074 0.00136294 400
1.68408 1.06684 2.24645 0.00392604 400
2.38111 0.0416387 0.820663 0.00474508 401
2.34859 0.864927 2.34329 0.00205532 401
0.0307082 0.553174 1.67733 0.00428938 401
0.878944 0.571202 0.49298 0.000496971 401
1.70793 1.68712 1.97236 0.00498779 401
1.49186 2.70273 1.90106 0.00222574 401
2.06875 0.594785 1.28844 0.00463271 401
2.2722 1.53572 0.360922 0.000554513 402
1.53818 0.841964 1.99121 0.000829763 402
0.0744178 1.09233 0.497276 0.00242331 402
1.80819 1.79902 0.397308 0.000853557 402
0.484946 1.18662 0.136357 0.000308057 402
2.35447 1.0365 0.0251614 0.0039037 402
2.82523 2.04938 2.06286 0.000571823 403
2.38324 1.08075 0.865885 0.0025595 403
1.27609 0.961323 0.00782554 0.000733135 403
0.834357 0.579439 1.7494 0.00379923 403
1.55383 0.0541169 1.33148 0.0010272 403
1.7912 1.89837 0.475168 0.00183633 403
1.60688 0.459048 2.26203 0.00270564 403
2.96999 0.548227 0.808433 0.00168911 404
1.65725 2.71024 1.22811 0.00186756 404
1.38032 1.60993 1.36721 0.000372039 404
2.12567 1.84261 1.54091 0.000611808 404
2.29443 1.51306 1.20893 0.00106894 404
1.98308 2.34057 1.35604 0.000849 404
0.637028 1.4455 2.9588 0.00173781 404
1.2608 1.88996 2.05263 0.00265924 405
1.77196 2.2387 2.95145 0.00383121 405
1.00027 2.93132 2.79225 0.00179869 405
1.87865 1.24892 0.218098 0.000300584 405
0.74788 1.91931 0.487669 0.00477068 405
2.4249 0.462008 2.97622 0.00141473 405
1.99406 1.09 2.30598 0.00239656 406
0.562141 0.0189507 1.48174 0.00426657 406
2.08997 0.817651 2.60968 0.00188238 406
0.801038 0.209436 0.614059 0.00279277 406
0.797144 0.493025 1.63991 0.00248651 406
0.668091 1.42757 1.40382 0.00286294 406
1.90038 1.017 1.15897 0.00159784 406
0.739609 0.838773 0.694637 0.00378938 407
2.73195 1.87744 1.84652 0.00427348 407
1.7264 0.532443 0.213908 0.00031888 407
2.72366 0.989479 1.40922 0.00496131 407
0.933355 2.6258 2.41028 0.0041097 407
1.4775 0.00627515 1.07261 0.0036916 407
1.16224 1.08271 1.70107 0.00120594 407
1.72078 0.243027 1.87543 0.00125652 407
1.02434 2.86596 0.98293 0.00146416 408
1.17341 1.75952 0.369259 0.00315915 408
0.622689 2.94381 1.56589 0.00220238 408
2.44881 2.98882 2.99392 0.00133622 408
1.45195 0.393586 0.785774 0.000345001 408
1.81775 0.600408 0.844718 0.00177498 408
0.717868 0.828938 2.76573 0.00473703 409
1.86747 2.69157 1.55959 0.000239764 409
1.7886 0.313733 0.290254 0.00458715 409
1.97236 0.837426 0.0177764 0.00408135 409
2.36523 2.14608 1.85839 0.00331557 409
1.20805 1.21904 0.336006 0.00210704 409
2.62796 0.81039 2.06152 0.00423729 409
2.92554 0.328719 0.987098 0.000173319 410
1.71717 2.60259 1.37506 0.00301173 410
2.67008 1.35527 1.72174 0.00245981 410
0.831055 2.51268 0.384526 0.00370073 410
0.846218 1.05607 0.791795 0.00290401 410
0.245817 1.50909 0.483944 0.00368154 410
0.712396 1.55007 0.933737 0.000508794 410
0.629077 2.31705 2.50041 0.00476715 411
2.87717 0.796748 0.408432 0.00132823 411
2.1866 1.42092 0.590182 0.00446703 411
2.29807 2.32565 0.107093 0.00403517 411
1.53034 0.0741199 2.68039 0.00161201 411
2.32494 1.22306 0.240735 3.42703e-06 411
2.76699 0.876459 1.61098 0.000820452 412
2.58386 1.23478 0.661958 0.00105939 412
2.29176 0.483685 0.699509 0.00269556 412
2.95043 0.597582 0.612404 0.00277534 412
2.4037 1.69713 0.544576 0.00213837 412
1.19861 0.453594 0.770746 0.00190278 412
2.32629 1.35734 2.05953 0.000601197 412
0.124713 2.96582 2.98181 0.00306589 413
0.351119 0.985945 2.78559 0.00256429 413
0.731199 2.68078 2.03856 0.00489693 413
0.657382 2.61571 2.99868 9.53931e-05 413
0.0838278 1.12162 2.99844 0.0039391 413
1.89461 0.278705 1.97608 0.00446069 413
0.0297604 2.17281 2.45335 0.0031089 413
1.0345 0.239231 2.3643 0.00253465 414
2.96376 2.31094 0.030038 0.00493968 414
0.748894 2.02136 0.88631 0.00136099 414
1.05933 1.52287 0.750009 0.00423762 414
0.19306 2.30566 2.88251 0.00149032 414
0.0535911 1.60728 2.16429 0.0047999 414
0.409631 0.381392 1.68214 0.00123096 414
2.31958 1.28004 1.2033 0.00350247 415
0.502847 0.525383 2.01965 0.00482664 415
0.635029 0.969031 2.52077 0.000272102 415
0.370376 2.20098 1.30301 0.00437848 415
1.09584 1.43235 0.974064 0.00140294 415
2.73504 2.76928 1.15028 0.00200713 415
1.95665 1.32913 0.630988 0.00348265 416
1.76398 1.54248 0.196098 0.00368318 416
0.793025 2.0727 0.179542 0.00267932 416
2.88954 1.36026 2.33251 0.000101339 416
2.42653 1.97259 0.238807 0.000292072 416
0.30893 0.0781316 1.58925 0.00212368 416
0.0962996 2.82176 1.56085 0.00118874 416
0.379958 1.6679 2.92191 0.000188273 417
2.70622 2.13316 1.1139 0.00297116 417
1.5017 2.56458 2.24348 0.00453518 417
1.51084 2.22325 0.915699 0.00330771 417
1.86873 0.887773 1.33661 0.00416228 417
2.48847 0.25623 1.6559 0.000299018 417
2.5385 1.94688 1.4741 0.000333544 418
1.34723 0.894887 1.31398 0.00347004 418
2.99022 1.23822 1.00431 0.00326795 418
0.15422 0.875886 0.154818 0.00306227 418
0.235839 1.11193 1.7318 0.00258917 418
2.50261 0.321492 1.93902 0.00366269 418
2.17826 0.961504 1.60935 0.000648732 418
1.7844 0.478324 1.57236 0.000476822 418
2.26387 2.34553 1.89531 0.00493591 419
0.921632 1.73143 2.63926 0.00433052 419
0.200481 2.57852 0.289194 0.00106414 419
0.886569 0.590026 1.07804 0.00125186 419
0.630249 1.45299 2.17814 0.0029362 419
0.643277 2.15871 0.210439 0.00165911 419
2.08833 0.538552 1.88581 0.000354743 419
1.23357 0.794141 2.09421 0.00296296 420
0.27374 2.00472 2.19533 0.00197003 420
1.97838 2.44001 2.48367 0.00234401 420
0.769235 2.45269 0.0527329 0.000604788 420
2.51209 0.535647 2.79844 0.00430546 420
2.66366 1.31659 2.74375 0.00410152 420
1.18348 2.21149 1.06039 0.00176061 421
0.460271 2.88006 0.556787 0.00417889 421
1.54011 0.252071 0.263555 0.0026429 421
1.21107 0.716143 1.51025 8.54905e-05 421
2.82064 1.76274 0.774753 0.000975663 421
1.48575 0.946199 2.51936 0.00206128 421
2.12286 2.57777 0.221709 0.00492427 421
0.54225 1.75854 0.0623459 0.00499678 422
1.11493 1.25445 1.92258 0.00262222 422
1.22385 2.18752 0.152139 0.00294337 422
1.96856 0.163262 1.15449 0.00275566 422
1.50067 0.773522 1.46533 0.00271981 422
1.47227 0.726476 2.89687 0.00298978 422
1.97574 0.280466 2.60425 0.00100658 423
0.969257 0.231166 1.28344 0.00460285 423
2.24322 0.746715 0.567612 0.00394428 423
2.26663 0.858891 2.25491 0.000663872 423
0.575506 2.36085 2.57366 0.00270984 423
0.552844 0.376698 0.0751951 0.0021894 423
0.946707 1.29927 1.50118 0.00191747 423
1.5645 1.49825 2.80286 0.000533892 423
2.83674 0.105692 0.843324 0.00369529 424
2.86014 0.0103297 2.29607 0.00418988 424
1.4318 0.9341 0.295421 0.00378174 424
0.787889 1.8735 2.67448 0.00310417 424
2.94165 1.63953 1.83576 0.0017263 424
2.04969 2.21478 1.70531 0.00157225 424
0.72837 2.27703 1.49384 0.00211699 424
1.74988 2.1965 2.83633 0.00211441 425
0.368688 0.566112 0.102764 0.00465995 425
2.01139 2.97846 1.73856 0.00308383 425
2.92714 2.79076 0.445674 0.00482242 425
0.0415938 2.9871 2.02266 0.00143946 425
2.4099 0.0460559 1.02392 9.27814e-05 425
1.63893 2.78263 2.86649 0.00152764 426
1.54207 1.11069 1.68893 0.0048327 426
1.51704 0.179744 2.71251 0.00485854 426
1.31001 1.96488 1.7839 0.0037586 426
0.148067 2.63822 0.744728 0.00212247 426
1.72283 2.40456 0.202093 0.0039099 426
0.963463 2.18347 1.36951 0.00324971 426
0.781043 0.107729 2.25103 0.00371841 427
0.49189 2.61762 1.28606 0.00436429 427
2.18512 1.89719 0.930466 0.00184027 427
0.257147 2.93998 2.53099 0.00306946 427
2.86651 2.60143 0.74076 0.00350531 427
2.39182 2.86395 2.8853 0.00060605 427
1.88381 1.0939 1.06284 0.00113204 427
1.95555 0.00799454 2.4957 0.000788098 428
1.10682 2.11844 0.354727 0.00442797 428
2.79822 0.325015 2.0122 0.00438238 428
1.92214 2.57252 1.54562 0.00385798 428
2.4162 2.35424 0.320765 0.00210348 428
0.49351 0.320043 1.30028 0.0047948 428
2.48973 2.22286 2.22172 0.00143388 429
0.387285 0.0683293 2.9304 0.00261343 429
2.61976 0.283182 0.151357 0.00317433 429
1.83524 2.62277 2.32686 0.00348872 429
2.91038 1.3289 0.0053964 0.000127239 429
1.1013 1.11827 1.87 0.00384665 429
0.378557 2.24294 1.72848 0.00218065 429
0.876588 2.50337 0.951561 0.0040551 430
0.354395 2.59523 2.02111 0.00329522 430
2.21485 2.41675 0.16043 0.000926333 430
1.60021 0.465448 1.68425 0.00351198 430
1.87779 2.0254 2.52985 0.00111964 430
2.6005 1.27094 0.0604731 0.00207088 430
1.82916 2.09649 0.935186 0.00420546 430
2.05183 1.99101 1.77476 0.00376395 431
0.185581 0.1519 0.363694 0.00318141 431
0.597923 0.0604469 1.33293 0.00355927 431
0.742711 1.83179 2.11139 2.4525e-05 431
0.398281 1.20352 1.38422 0.00173305 431
0.805662 1.53124 0.842025 0.00241867 431
1.37126 0.738757 1.26454 0.000674196 432
0.959296 1.35049 0.191141 0.00399821 432
1.92058 1.20509 2.03596 0.00228382 432
2.56866 2.70118 0.52207 0.00407646 432
1.91326 0.905003 0.786901 7.75193e-05 432
0.710235 0.11808 2.21279 0.00121725 432
1.42941 0.182692 0.325476 0.00066577 432
2.69639 1.05047 0.86112 0.00190536 433
1.15121 2.02262 0.502304 0.00115256 433
2.50653 2.02375 1.51141 0.00157936 433
1.93851 1.27777 1.68729 0.00251258 433
2.88192 2.66901 0.109637 0.00354218 433
2.41833 0.518022 2.93267 0.000215262 433
2.46048 1.401 0.371829 0.00290796 433
0.218752 0.99382 1.91381 0.00129454 433
2.34324 1.5926 2.34234 0.00132002 434
2.18935 2.7547 0.302006 0.00361741 434
1.7401 0.399142 1.516 0.0021447 434
1.77012 0.248137 1.26101 0.00420234 434
1.2241 0.521886 1.00555 0.00299807 434
2.27696 1.88099 0.766135 0.00420341 434
2.02493 0.503356 1.59043 0.00120098 435
0.765148 0.954602 0.518888 0.00129001 435
1.86415 1.3958 2.90542 0.00277958 435
0.978599 1.58671 0.432866 0.00292492 435
1.438 1.31341 0.848068 0.00448707 435
0.993874 0.131023 1.42501 0.00146998 435
2.96078 0.646906 1.64202 0.00400388 435
2.68282 2.90043 0.178335 0.00187304 436
0.121115 0.853625 2.75252 0.000963628 436
0.875257 2.78548 2.9958 0.00100912 436
0.447231 1.10468 0.925722 0.00488037 436
1.24094 2.12467 1.28092 0.00235913 436
0.336851 2.58412 1.95167 0.00128404 436
0.861815 0.135062 2.04589 0.00485469 437
2.28903 2.33327 2.68763 0.00485161 437
2.32874 0.482304 2.7064 0.00204706 437
1.85306 1.07696 2.3991 0.00321776 437
1.18386 1.74293 1.48596 0.0032252 437
0.842124 0.53774 0.68477 0.000141312 437
0.745843 1.63944 2.46287 0.00166859 437
1.17858 2.38187 2.04065 0.00171511 438
0.204507 0.2584 2.46495 0.00141979 438
2.21745 0.146461 1.96682 0.00164121 438
1.05694 0.527328 2.55888 0.000882623 438
0.988314 0.612233 1.99546 0.00470018 438
1.2177 0.667608 0.726905 0.00112144 438
0.46436 1.36526 2.31846 0.00396758 438
0.954312 2.10738 1.12237 0.00493181 439
0.69673 2.433 1.53674 0.00139895 439
0.0888818 0.00596619 2.43199 0.00467972 439
1.56988 1.4369 2.48126 0.00145852 439
2.77346 1.46625 2.77305 0.000164918 439
2.10412 0.886276 2.81855 0.00345816 439
2.44577 2.01343 1.34331 0.00372326 440
0.184091 2.85165 1.9489 5.08491e-05 440
1.26988 0.78114 0.524326 0.00243223 440
1.99209 1.86223 2.64593 0.00395936 440
0.785491 0.892396 2.42233 0.00280997 440
1.38551 1.96105 0.440552 0.00244702 440
0.988834 2.66505 0.883663 0.00259262 440
2.3018 1.57846 0.638763 0.000243134 441
0.666847 1.30577 0.216932 0.00494555 441
2.98675 2.09962 0.976154 0.00427107 441
1.78028 1.21061 2.04695 0.000111795 441
1.91839 0.0219616 2.38978 0.00208795 441
1.79598 0.754169 0.822655 0.00411935 441
2.92882 2.83133 2.26085 0.00469738 441
1.16008 1.0623 2.74631 0.000857069 442
0.114785 0.312886 1.01638 0.00291371 442
1.65066 0.916266 2.84512 0.000986705 442
0.67795 1.48776 0.0971879 0.00263943 442
0.0147439 2.22575 0.297083 0.00379213 442
0.171656 1.90024 1.5067 0.00284 442
1.94491 1.84813 2.80478 0.000229719 442
2.8548 0.362385 0.442858 0.000815007 443
1.64719 0.170066 1.45268 0.00324521 443
0.272368 2.16552 1.98954 0.00135859 443
2.75871 1.78117 2.88306 0.00283723 443
2.88431 0.860488 2.64328 0.000259694 443
0.680447 2.89125 0.681577 0.000678158 443
0.0636612 0.524449 2.19058 0.00443062 444
1.85581 1.7068 0.860151 0.00347913 444
1.74875 1.14492 0.720318 0.00188709 444
1.96662 0.635886 2.07807 0.000132799 444
0.023602 0.222492 1.18261 0.00424363 444
1.396 1.58116 2.32463 0.00345685 444
2.10267 0.760992 0.587144 0.00268746 444
2.87283 0.967717 1.11065 0.00139048 445
1.52611 1.25585 0.59731 0.00382972 445
1.93158 2.92992 2.23059 0.00130328 445
2.90443 0.9971 2.07366 0.00254334 445
2.24945 1.77795 2.96764 0.00183187 445
1.19033 2.41633 2.22433 0.00328912 445
1.62581 2.61001 0.479673 0.00187625 445
2.57528 2.75359 2.33579 0.00150808 446
1.67994 0.953131 2.71381 0.000104585 446
0.593862 0.540768 1.43112 0.00186539 446
0.557887 2.37615 0.379586 0.00317636 446
1.45829 0.473216 2.75684 0.00221997 446
1.08327 2.25522 0.214748 0.00234721 446
0.651398 0.655229 2.09125 0.00242242 446
0.483383 2.65889 1.26772 0.000832241 447
0.905719 0.173909 0.123481 0.00340211 447
0.474525 0.907357 1.61898 0.00388303 447
2.6155 2.62895 2.34785 0.000147343 447
2.2166 2.9842 0.903857 0.00125965 447
1.25725 0.648266 0.283298 0.000667503 447
1.50516 0.270332 0.725371 0.00470357 448
1.84872 1.49904 1.15964 0.00444149 448
1.25157 2.91391 0.243012 0.00148872 448
0.952019 0.261815 0.093033 0.00152001 448
0.509702 1.56842 2.07147 0.000612794 448
0.33807 1.71311 2.66726 0.00495713 448
1.75954 2.10851 1.74652 0.00477656 448
2.17984 1.3706 1.61776 0.000797003 448
1.62116 2.4768 2.87845 0.00358942 449
2.29561 2.28936 2.84742 0.0029756 449
1.94952 2.84856 1.09306 0.00270135 449
2.08443 1.0229 0.338402 0.00472758 449
2.09452 2.58913 0.584893 0.00303425 449
2.23659 0.54278 0.158395 0.000265918 449
1.807 0.0239707 2.05657 6.74514e-05 450
1.3532 1.94896 2.96477 0.00104552 450
2.2702 1.79017 0.0560715 0.00369792 450
1.24393 0.658494 2.36387 0.0040596 450
1.93686 2.27168 0.576721 0.00249159 450
2.82613 1.47867 2.09992 0.00326743 450
0.420019 0.116971 0.664693 0.00216503 450
1.37306 2.08134 2.17611 0.000283274 451
1.54995 1.9804 0.300691 0.00444899 451
2.04779 0.357627 0.230107 0.0033606 451
2.90322 0.689563 0.16089 0.00425032 451
0.966003 2.13172 2.19155 0.0047229 451
0.310228 1.92327 1.4504 0.000362589 451
2.54026 2.55293 0.742861 0.00131667 451
0.0921052 0.974507 2.40615 0.00206698 452
2.35837 1.83095 2.65947 0.000277516 452
1.88616 1.05991 2.58373 0.00442569 452
2.13194 1.28914 2.80925 0.00101625 452
2.86371 1.31008 0.899346 0.00402708 452
2.43411 0.703699 1.83223 0.000456909 452
0.712746 1.86719 1.18048 0.00406413 453
2.27407 0.9254 1.54013 0.00178329 453
2.21236 1.44262 1.15676 0.000281262 453
0.907058 1.66114 2.70957 0.000762964 453
0.451704 1.87459 0.78384 0.00301718 453
1.42786 1.99047 0.882326 0.00194897 453
1.48106 2.64766 0.539097 0.000165967 453
1.28807 2.56009 0.976894 0.0046903 454
1.5933 1.65407 2.44599 0.00498223 454
2.28032 2.95879 0.17155 0.00279706 454
1.16606 2.43436 0.451675 0.00303118 454
1.40341 2.31232 2.9892 0.00491209 454
1.93231 0.0698934 0.814602 0.00194748 454
1.90341 0.868633 2.48511 0.000316083 454
0.998439 1.41213 0.417052 0.000577382 455
2.00779 2.63854 0.738777 0.00498424 455
0.231695 0.712774 0.943272 0.000454756 455
2.85195 0.26068 2.27288 0.00289803 455
1.07084 2.40947 2.66055 0.00165286 455
2.11181 1.26867 2.70805 0.00212578 455
0.146974 1.94518 1.044 0.00206985 455
0.116398 2.58868 0.888945 0.0045212 456
0.815546 2.86702 2.40783 0.00300671 456
1.76116 1.6913 0.985271 0.000740676 456
2.80515 2.71809 1.57144 0.0033765 456
1.73554 2.81022 0.959494 0.00385508 456
1.80948 1.16504 1.19019 0.00338044 456
2.42248 0.0663013 1.45447 0.0007836 456
1.20952 0.78648 1.67478 0.00486976 457
2.08339 1.83614 2.25369 0.00224588 457
1.23021 0.187665 2.44344 0.000743691 457
0.56912 1.8192 0.547482 0.00391224 457
2.15512 1.91167 1.37617 0.00274968 457
2.0011 2.34921 0.696079 0.000412976 457
1.3168 1.76702 0.256138 0.000839193 458
2.71633 1.46989 1.18557 0.00288382 458
0.233861 0.419124 0.53172 0.00411065 458
0.403896 2.64234 0.318039 0.00164452 458
1.12725 1.4082 1.58704 0.00435948 458
0.333213 0.977349 0.36724 0.00193799 458
1.36855 0.747878 1.59295 0.00199265 458
2.1615 0.730506 0.955455 0.00112553 459
2.8846 0.723197 0.658207 0.000321093 459
2.37846 0.91482 1.5055 0.00478249 459
1.78781 0.695786 0.0731048 0.00443642 459
0.953626 1.15668 2.21681 0.00381174 459
1.34212 1.63261 0.0702025 0.0035165 459
1.61338 2.73026 0.588368 0.00448998 459
2.20837 0.530638 2.41816 0.00421164 460
0.423893 1.6716 0.280451 0.00100138 460
2.04464 0.680163 2.20584 0.0024821 460
2.79245 2.38378 2.58478 0.000460201 460
1.23967 2.86302 1.46042 0.00245197 460
1.77562 0.931673 0.0432811 0.000720931 460
2.79624 2.68412 2.47131 0.00345082 460
0.39577 0.533313 1.84157 0.000379302 461
2.37345 0.988441 1.0394 0.00244772 461
2.12788 0.772173 2.04837 0.00113717 461
1.87087 1.26572 0.460843 0.00287529 461
0.621019 1.55469 0.956041 0.00119276 461
0.300675 1.79634 2.59308 0.00103014 461
1.91173 2.52109 1.25004 0.000715071 462
0.829302 0.787935 0.658672 0.0016459 462
1.83242 1.61615 0.207533 0.00132534 462
0.173481 2.19279 1.9617 0.00417535 462
2.8989 0.461803 0.810717 0.00192437 462
1.47342 0.194248 1.77122 0.003997 462
1.25533 1.16234 1.24791 0.00398307 462
1.13846 2.12321 1.13311 0.000131488 463
0.248403 1.65895 2.48738 0.00203907 463
0.817701 2.38976 1.43477 0.000112732 463
2.64457 0.303723 1.86387 0.000880077 463
1.1398 2.88889 1.48948 0.000718429 463
0.520724 1.14296 0.547942 0.00356066 463
1.04057 0.764659 0.166789 0.00432609 464
2.46696 1.19824 1.63268 0.00304659 464
2.09248 0.467345 1.47801 0.0040546 464
2.59454 2.09385 2.74157 0.00400849 464
2.97901 1.82633 1.55699 0.000579319 464
2.71728 2.66682 0.679555 1.83996e-05 464
1.52482 0.702493 0.887438 0.00114432 464
0.0271912 2.3515 2.77739 0.0023647 464
2.93174 1.23331 2.15351 0.00142239 465
0.701839 2.57036 2.14474 0.00199723 465
1.15789 1.61756 1.02973 0.00403979 465
0.73223 0.0110713 0.475866 0.000896252 465
2.34643 1.36402 2.16848 0.000366607 465
2.6129 0.741994 1.18414 0.000181177 465
0.752236 0.197401 0.917368 0.00318718 465
0.195676 2.91475 1.54264 0.00209303 466
0.461282 2.13582 2.56602 0.00370548 466
0.764815 1.90882 1.51979 0.000934689 466
2.66871 1.24421 1.17527 0.0048075 466
0.841049 0.661238 1.12518 0.000387122 466
0.170947 1.88745 0.754029 0.00466511 466
1.36348 1.13469 2.9359 0.0033786 467
0.194719 0.337222 0.194342 0.000801797 467
1.80127 2.75992 2.59149 0.00280549 467
2.78112 2.80866 1.5388 0.000179005 467
1.00222 1.29142 1.37398 0.000466934 467
2.74962 2.62193 2.18136 0.00223366 467
0.787113 0.621598 2.35012 0.00153861 467
0.283059 0.830636 1.16811 0.00365538 468
0.654123 0.293404 2.87133 0.00494306 468
1.9064 2.47643 2.26351 0.00204075 468
1.10844 0.0169976 1.21081 0.00242502 468
2.43757 0.91899 0.307794 0.00117602 468
1.73518 0.583839 2.03827 0.00465561 468
2.33748 0.333012 2.27912 0.000946105 468
0.203326 2.63635 2.58855 0.000685072 469
2.03328 2.87892 0.441866 0.000619016 469
1.35902 2.29934 1.71789 0.00322294 469
2.52954 0.325684 0.487467 0.00466333 469
2.44296 0.386015 1.59624 0.00235147 469
1.34036 0.434506 1.20996 0.00382321 469
0.425887 2.49631 2.59564 0.00157392 470
2.0119 1.30093 2.31321 0.00346478 470
2.57763 1.5765 1.9839 0.00480055 470
1.13073 1.03482 2.89855 0.00154355 470
1.91029 2.74341 2.12553 0.000124827 470
0.690666 2.95645 0.341804 0.0047056 470
2.77014 1.96828 1.72036 0.00251146 470
0.529741 1.13281 0.912046 0.0026188 471
1.10014 0.488204 2.65278 0.00328461 471
0.981706 0.814669 1.52906 0.00160444 471
2.07872 2.69285 2.14828 0.00337131 471
1.15346 1.93209 2.73201 0.00230573 471
0.759856 0.501695 1.6958 0.00282447 471
2.72907 0.964789 2.73118 0.00135608 472
2.75204 2.06616 1.72757 0.00384439 472
1.81456 1.98436 0.648827 0.00120496 472
2.93085 0.442674 2.19911 0.000348234 472
0.693141 0.201311 2.73873 0.00184636 472
1.76954 1.43022 1.91203 0.00426817 472
2.7552 1.76853 0.484584 0.00497241 472
2.98907 2.89498 0.438483 0.00493279 472
2.43135 1.9311 2.48971 0.00456116 473
2.99386 1.21225 2.53922 0.00427837 473
2.53414 0.0398543 0.504997 0.00300984 473
0.479756 1.38186 2.23776 0.00274129 473
1.852 2.60512 0.0451505 0.00446966 473
0.261302 2.29457 0.0206101 0.00474428 473
2.36068 1.28565 1.36938 0.00178831 473
0.702495 1.08857 2.384 0.000203521 474
0.839021 2.49538 1.39851 0.00463919 474
1.73127 1.17692 1.75188 0.000979183 474
1.95406 1.51804 0.927293 0.00381913 474
2.20418 0.464763 1.091 0.00335249 474
2.59776 0.257488 2.54323 0.00134028 474
1.97043 1.57357 0.453637 0.00193498 475
1.06126 2.1024 0.691143 0.00162751 475
1.57722 2.46432 2.62715 0.000342542 475
0.607113 2.63402 1.2817 0.00311646 475
2.78892 0.126219 2.97592 0.000825735 475
1.48938 2.84111 1.96609 0.00473471 475
2.86153 1.32101 0.585419 0.00198983 475
0.298503 0.593924 2.70135 0.00352393 476
1.2143 0.592005 0.511949 0.00186308 476
1.3447 1.18076 1.03279 0.00182337 476
1.57565 0.415136 2.03145 0.00126237 476
1.0936 1.25789 2.15539 0.00039452 476
1.00984 2.54797 2.24471 0.000794217 476
2.83279 0.971449 2.39276 0.00420823 476
1.32984 2.29329 0.59179 0.0036482 477
0.167398 0.236625 1.98064 0.00284732 477
1.58608 0.331957 0.359062 0.000489652 477
1.1923 1.08339 0.147823 0.00305676 477
2.37495 1.95823 0.751975 0.00281314 477
1.07156 0.356587 1.70617 0.00178035 477
2.99868 0.470889 1.72522 0.00149931 477
2.40177 1.0086 0.316832 0.00340497 478
2.28558 1.01123 0.730533 0.00284404 478
2.35039 2.32297 1.5353 0.00331035 478
1.94743 2.07845 2.07541 0.00356757 478
1.71882 0.881365 0.797474 0.00453302 478
0.382863 1.80572 1.90248 0.00189402 478
1.07697 0.129628 0.92546 0.000295399 478
0.250296 2.81518 2.67827 0.00398181 479
1.67826 1.93745 1.19164 0.00336916 479
0.45581 0.884232 0.271506 0.000749526 479
0.344802 1.04224 1.53001 0.00263348 479
0.750718 2.04858 1.48731 0.00250291 479
0.426917 0.686369 0.068634 0.00297421 479
1.44613 2.48549 1.34714 0.00386449 480
1.65354 1.24178 1.56202 0.000908393 480
2.88648 2.16626 0.622741 0.00232419 480
2.8014 0.576265 1.2459 0.00442024 480
0.476257 2.83846 0.464905 0.00308962 480
1.77765 2.59859 0.0772012 0.00319177 480
2.97317 1.4734 0.577674 0.00323337 480
2.5237 0.614802 2.59497 0.0021977 481
0.270475 2.54449 2.04413 0.00276751 481
1.22749 0.486236 2.02382 0.00342871 481
1.16729 2.03791 0.219651 0.00166696 481
0.659446 1.44065 2.85792 0.00364229 481
0.0390767 1.71268 1.01029 0.00313036 481
1.18055 2.86914 0.811877 0.0014655 482
1.04532 1.18837 2.49695 0.00209884 482
0.982858 1.55245 0.00357308 0.0020292 482
0.102174 2.16212 1.83396 0.000268998 482
0.844889 2.23535 0.494498 0.00039821 482
2.46211 1.49661 0.737451 0.00106684 482
0.438504 0.901381 0.00734805 0.00383838 482
1.98527 0.631779 0.0580298 0.00232521 483
2.92434 0.265987 0.748564 0.000231768 483
0.0773947 2.0098 0.267172 0.0025004 483
1.14111 1.34632 1.84474 0.00268774 483
0.268393 0.396424 2.66537 0.0024609 483
1.28633 2.49299 1.11978 0.00110517 483
1.32005 0.55491 1.71626 0.000746358 483
1.22203 0.0634153 2.30749 0.00344063 484
0.812806 2.11101 0.197285 0.00436939 484
0.499654 2.92807 2.34517 0.00356653 484
1.78559 2.15848 1.13088 0.00454034 484
0.783423 2.63314 2.85483 0.00444453 484
2.18282 2.46167 1.19595 0.00255265 484
1.06506 1.50032 0.957606 0.00198364 484
1.73781 0.300001 2.75976 0.000237208 485
1.71435 2.3364 1.78766 0.0015168 485
0.533773 2.85522 1.66662 0.000972986 485
1.45469 0.870272 1.29068 0.00233108 485
2.70194 2.14121 0.292474 0.00108381 485
1.43395 1.67931 2.02681 0.00238213 485
2.06723 1.45178 0.311306 0.00376558 486
0.902856 2.64308 2.86092 0.00347464 486
2.67589 1.72201 0.0405255 0.00220455 486
1.69169 0.802027 1.88468 0.00293207 486
2.69264 0.026922 1.73712 0.00422116 486
1.44973 2.30109 1.0831 0.00182158 486
0.534771 0.207889 1.95733 0.00382194 486
0.936229 1.80335 2.3832 0.0014317 487
1.30041 2.59112 2.90758 0.00285611 487
0.370589 1.46287 1.40096 0.00430819 487
2.61868 2.47387 1.09678 0.00451608 487
1.28897 1.9343 2.65734 0.00418175 487
0.199093 0.103175 2.92359 0.00449769 487
1.13519 0.0420741 1.4697 0.000639218 487
1.20213 2.95767 2.21424 0.00238295 488
0.578493 1.89352 2.88807 0.00195052 488
2.61044 0.145009 2.84926 0.00398724 488
1.43564 0.826111 2.43308 0.00214599 488
0.246312 1.04491 2.35362 0.00462384 488
1.66209 1.57601 0.579346 0.00422396 488
2.25681 1.20844 0.132483 0.00424821 489
2.38741 1.52921 2.15943 0.00307269 489
2.10574 1.75462 0.761286 0.00207382 489
1.97451 1.32323 2.656 4.63847e-05 489
1.99075 0.441682 1.24355 0.000636997 489
2.10615 0.392135 2.04966 0.00332749 489
0.547577 2.20428 0.939309 0.000840449 489
0.373351 0.398688 2.83208 0.000593078 489
2.11913 2.18873 0.0352525 0.00171878 490
1.33856 2.81352 0.176851 0.00416876 490
1.23203 0.0208517 0.836704 0.00119975 490
2.31879 2.48871 0.421216 0.00292784 490
2.38947 2.20574 1.8599 0.000939188 490
2.44082 0.495489 2.37415 0.00366068 490
1.34947 0.571924 0.9494 0.00259555 491
2.4826 2.53794 0.426484 0.00372014 491
2.93978 2.56854 1.03438 0.000804419 491
0.820393 1.9557 0.0401763 0.00289524 491
1.69803 1.9137 1.14101 0.002354 491
2.79586 0.56757 2.55223 0.00362782 491
2.31459 1.78723 1.49516 0.00144745 491
0.223452 0.405091 1.00306 0.00156781 492
2.20742 2.65503 1.2935 0.0017667 492
2.45398 0.843016 2.66105 0.00333544 492
2.80343 0.440739 0.0154126 0.00122563 492
2.81268 1.18386 0.436516 0.00404019 492
2.03983 1.46 2.22991 0.00177757 492
0.729039 2.90452 1.0721 0.00415564 493
0.0881223 2.23058 1.82164 0.00140952 493
0.244019 2.4838 1.3795 0.000672074 493
1.83771 0.0155033 2.78926 0.00278769 493
2.98593 2.04385 2.25829 0.00415964 493
2.84231 2.88902 1.08566 0.0031537 493
0.890648 2.18009 0.249436 0.00202576 493
1.99795 2.13929 1.61181 0.00265368 494
2.77676 2.00145 2.24184 0.00402899 494
0.897601 1.7736 1.39755 0.00334383 494
2.47902 1.77737 2.51047 0.0031062 494
1.60832 0.890435 2.92781 0.00065982 494
2.49054 0.903135 2.10411 0.0033203 494
1.64321 2.44125 2.15569 0.00305839 494
2.57924 2.44669 0.315048 0.00432375 495
1.59612 1.24569 1.98189 0.00257083 495
2.42293 1.73716 0.594205 0.00386604 495
2.0201 1.27456 1.69852 2.93621e-05 495
1.92933 0.637839 1.15336 0.00192684 495
0.892132 0.800074 2.30969 4.34222e-05 495
1.18905 1.77475 0.47245 0.00374935 495
